id	effectiveTime	active	moduleId	refsetId	referencedComponentId	mapTarget
54440131-8974-565e-8e6b-b1d98a2dcaf4	20140109	1	900000000000207008	900000000000498005	403564004	D0-4020A
8afce22a-f6aa-5204-bc6b-7e7452c1046a	20140109	1	900000000000207008	900000000000498005	278513006	DA-51812
0c3feae0-7051-56b0-a0f8-6dce1f4db72a	20140113	1	900000000000207008	900000000000498005	10993002	P8-30480
b29a6606-6f98-502c-839c-b3965d64c366	20140109	1	900000000000207008	900000000000498005	240093008	DA-51818
1c992756-8ca7-590e-9991-3fa35a54e902	20140116	1	900000000000207008	900000000000498005	310047004	P0-00709
23691039-ce0d-5a66-8c41-6f2e50edf0ae	20140109	1	900000000000207008	900000000000498005	440419004	R-00712
93d0d73f-6110-5517-b73b-239cdb1a20b4	20140113	1	900000000000207008	900000000000498005	37008009	P8-30640
dc3928e6-fd24-5cf8-8712-e281860cc575	20140113	1	900000000000207008	900000000000498005	48296005	P8-30560
b2ef2149-3ffa-50ab-8326-4c98d27d4aed	20140113	1	900000000000207008	900000000000498005	8078004	P8-30720
fc4e44c7-4b48-54ea-a7b7-550004d2b530	20140110	1	900000000000207008	900000000000498005	35185008	D1-30200
b3fda423-b42c-57ca-914c-2e33103bc0d8	20140109	1	900000000000207008	900000000000498005	403469006	DF-006FB
3efa4b44-bb3f-5097-9231-2bae9cbef617	20140115	1	900000000000207008	900000000000498005	194201001	DA-91212
ffacead6-161c-5f87-9ac2-e0013f4746d4	20140113	1	900000000000207008	900000000000498005	71126005	P8-30520
f6ed84c2-fce0-5b97-adeb-01ef49015084	20140117	1	900000000000207008	900000000000498005	32917001	D6-76010
067d40c3-94a1-5065-ac07-7265988a7692	20140113	1	900000000000207008	900000000000498005	90732008	P8-30440
504cef75-8886-5494-8cd8-9d874fad3924	20140126	1	900000000000207008	900000000000498005	45157009	D2-60650
85c25174-6998-58c1-baee-245785ca5e1b	20140117	1	900000000000207008	900000000000498005	73855005	D6-76040
6cd1c6c6-6d81-59ce-a751-a732f5039e7b	20140109	1	900000000000207008	900000000000498005	402714001	D0-40209
c51f7a3f-0859-5178-8081-df16c5f33970	20140126	1	900000000000207008	900000000000498005	28168000	D2-60654
7d837338-834e-5549-8eed-a88eb55cf0e4	20140113	1	900000000000207008	900000000000498005	9050009	P8-30760
f80c5b71-b4f1-5065-9678-277a1e9d5981	20140113	1	900000000000207008	900000000000498005	9100000	A-12190
2ce6642f-a063-5640-87d7-62ce0232ff6f	20140126	1	900000000000207008	900000000000498005	68759006	D2-60652
b05e65c2-6db4-5a4d-a74a-ae5a37d212b4	20140116	1	900000000000207008	900000000000498005	12793000	P2-10800
2dd67e36-a99c-5905-9b37-e64c7bb42c8e	20140116	1	900000000000207008	900000000000498005	310053004	P0-0070F
6ae7a9fb-794c-5d80-9a75-fee5a58ee450	20140109	1	900000000000207008	900000000000498005	302827006	R-0000D
03d21771-f035-5de9-88b8-f24ccb0cd7fd	20140113	1	900000000000207008	900000000000498005	53720002	P8-30680
cc4eaa78-1406-56b2-a3a4-4799a6ef305c	20140113	1	900000000000207008	900000000000498005	53897000	P8-30400
8f93b7ed-00ef-5442-a601-ba3e09d2bacf	20140113	1	900000000000207008	900000000000498005	75131001	P8-30780
5a1eaa1a-8503-5048-8573-ebd807a58a33	20140117	1	900000000000207008	900000000000498005	310044006	P0-00701
e5766456-e0b5-56f7-8e90-6f991463552b	20140128	1	900000000000207008	900000000000498005	204764006	D4-5611B
657b0cf5-9f10-5585-871c-e49420d2945b	20140103	1	900000000000207008	900000000000498005	700066002	R-FB636
a0e8c4a7-8db7-5994-a7ed-07403a0d8134	20140103	1	900000000000207008	900000000000498005	700067006	R-FB637
ef9f52f5-2de3-5a6f-9edc-c81f395a10be	20140108	1	900000000000207008	900000000000498005	700068001	R-FB638
0a58c4cc-8122-5e2d-88c0-f0477786cf97	20140108	1	900000000000207008	900000000000498005	700069009	R-FB639
34d3e753-01d7-5e93-a7e5-d97baf1991f2	20140108	1	900000000000207008	900000000000498005	700070005	R-FB63A
8bc83f88-8b16-591b-838f-870a5010fb8b	20140108	1	900000000000207008	900000000000498005	700071009	R-FB63B
e6895709-0503-59d5-a389-5e2744d0c306	20140108	1	900000000000207008	900000000000498005	700072002	R-FB63C
ac78303a-4b0d-56ca-a000-7ee16860767a	20140108	1	900000000000207008	900000000000498005	700073007	R-FB63D
31d0d51d-15a0-5d55-bb3b-cdfcb4852531	20140108	1	900000000000207008	900000000000498005	700074001	R-FB63E
12b1898f-2392-52f9-b49d-6c71db12b83a	20140108	1	900000000000207008	900000000000498005	700075000	R-FB63F
c144cc55-aa51-57d9-b94e-829c39e70c3d	20140108	1	900000000000207008	900000000000498005	700076004	R-FB640
4030c4ec-2bc9-5244-856e-83a70351d243	20140108	1	900000000000207008	900000000000498005	700077008	R-FB641
9f7bd861-e29f-5460-a3dd-e7078b1af1b6	20140109	1	900000000000207008	900000000000498005	700078003	R-FB642
8436213f-64f9-51aa-8647-35bd722c192e	20140109	1	900000000000207008	900000000000498005	700079006	R-FB643
979a57b0-0ef1-5bf8-85c9-e735193ad53e	20140109	1	900000000000207008	900000000000498005	700080009	R-FB644
9d5f7657-38e6-58b6-9aaa-d0b5b29f15d9	20140109	1	900000000000207008	900000000000498005	700081008	R-FB645
c2f6ba5e-15e5-515e-97be-e8c7fe17ba1a	20140109	1	900000000000207008	900000000000498005	700082001	R-FB646
b0bbefe9-ac9d-5843-a981-926fd74793c1	20140109	1	900000000000207008	900000000000498005	700083006	R-FB647
2d3b3cae-d847-580d-bd32-4970871fd7f2	20140109	1	900000000000207008	900000000000498005	700084000	R-FB648
ce9961f4-bc93-5dc1-9417-98643ccc2e0f	20140109	1	900000000000207008	900000000000498005	700085004	R-FB649
03fe090d-d331-588c-985f-bd677d4579f9	20140109	1	900000000000207008	900000000000498005	700086003	R-FB64A
f1f7e385-33fc-552b-99b8-21d03619bb26	20140109	1	900000000000207008	900000000000498005	700087007	R-FB64B
1ab66431-5f94-5434-8ba6-236baee5fb18	20140109	1	900000000000207008	900000000000498005	700088002	R-FB64C
0ca05152-ae3e-5bd7-8f8c-44a6f435d142	20140109	1	900000000000207008	900000000000498005	700089005	R-FB64D
8fd9cde6-162e-5d2b-95f4-a22f768ae580	20140109	1	900000000000207008	900000000000498005	700090001	R-FB64E
17fbd2c3-5c43-5f4f-a22e-f98fcbc3a98e	20140109	1	900000000000207008	900000000000498005	700091002	R-FB64F
856c4ce5-75db-5c60-8a3c-685ee80655ed	20140109	1	900000000000207008	900000000000498005	700092009	R-FB650
4e7cc2c5-6de6-5b42-adc6-3fccd45cb6dd	20140109	1	900000000000207008	900000000000498005	700093004	R-FB651
d7f4b192-e2f2-5673-8604-60a0d031e44f	20140109	1	900000000000207008	900000000000498005	700094005	R-FB652
7a4ac1f3-759e-5a23-a5f6-3f5423864e26	20140109	1	900000000000207008	900000000000498005	700095006	R-FB653
c2a4d2d4-70bd-50de-8af9-1f7f690f2e27	20140109	1	900000000000207008	900000000000498005	700096007	R-FB654
3bd805c0-c790-50e6-8f3c-d7e694cde52a	20140109	1	900000000000207008	900000000000498005	700097003	R-FB655
7c240748-3bd8-59ba-a2a6-3f49327426de	20140109	1	900000000000207008	900000000000498005	295131000119103	null
d139925d-1637-5e33-95fa-9dd4491cce5a	20140109	1	900000000000207008	900000000000498005	3961000119101	null
899e76a5-ce76-5c97-8077-893ac2f89353	20140110	1	900000000000207008	900000000000498005	700098008	R-FB656
6c81c232-997d-5d30-9967-ae9c58a21d5b	20140110	1	900000000000207008	900000000000498005	700099000	R-FB657
03be10d2-159d-54cb-91ed-3077f84315e3	20140110	1	900000000000207008	900000000000498005	700100008	R-FB658
b0d1f547-8e28-5bb8-9918-4a47550f35e3	20140110	1	900000000000207008	900000000000498005	700101007	R-FB659
df399693-e622-5477-b656-054adf040122	20140110	1	900000000000207008	900000000000498005	700102000	R-FB65A
0212699a-42c6-5567-8474-3b01e5cae7aa	20140110	1	900000000000207008	900000000000498005	700103005	R-FB65B
c9b9271b-2eeb-5fa9-8023-ff3e45bde68c	20140110	1	900000000000207008	900000000000498005	700104004	R-FB65C
9a37a18c-5d38-53a8-8e03-3efc8be5ce36	20140110	1	900000000000207008	900000000000498005	700105003	R-FB65D
74fa99da-3fbd-57e0-89cb-0d78d8144e3f	20140110	1	900000000000207008	900000000000498005	700106002	R-FB65E
6485e326-d74b-5bf0-b3c6-cb4d810127f4	20140110	1	900000000000207008	900000000000498005	700107006	R-FB65F
d48fe81c-89ba-5806-aafe-559942934dce	20140110	1	900000000000207008	900000000000498005	700108001	R-FB660
c54869a4-2fe4-536f-868a-ab1428ded969	20140110	1	900000000000207008	900000000000498005	700109009	R-FB661
993b517a-a695-52ea-8fdf-0d58a4934147	20140110	1	900000000000207008	900000000000498005	700110004	R-FB662
c5f057e2-323b-5de8-81ec-8e4062c8a78c	20140110	1	900000000000207008	900000000000498005	700111000	R-FB663
7eb7c0d6-843c-5aaa-b402-666f9d8541f5	20140110	1	900000000000207008	900000000000498005	700112007	R-FB664
43d616fa-cba5-531b-8ab4-66ddc4d5fa83	20140110	1	900000000000207008	900000000000498005	166631000119101	null
ce44233b-7e4f-52ef-969e-a9e9ba54d59a	20140110	1	900000000000207008	900000000000498005	700113002	R-FB665
50339d8c-6024-5b54-9180-2c079f372f5e	20140113	1	900000000000207008	900000000000498005	700114008	R-FB666
39b95868-12e2-5aa4-b5e2-83662a560801	20140113	1	900000000000207008	900000000000498005	700115009	R-FB667
b2222238-3ecf-5f2a-922d-6f097e2bb90b	20140113	1	900000000000207008	900000000000498005	700116005	R-FB668
6ae65a3a-9bbc-5605-863c-4ee83217324f	20140113	1	900000000000207008	900000000000498005	700117001	R-FB669
3df23381-3282-57a2-8086-c40c5dd5eedd	20140113	1	900000000000207008	900000000000498005	700118006	R-FB66A
b791ee31-0867-59c2-b870-2a804d5891eb	20140113	1	900000000000207008	900000000000498005	700119003	R-FB66B
013fcff5-6280-592f-9d78-4b983b675ae2	20140113	1	900000000000207008	900000000000498005	700120009	R-FB66C
e64c2df5-d6a0-51cb-a09a-534934d78474	20140113	1	900000000000207008	900000000000498005	700121008	R-FB66D
38338282-2b2d-58ff-97ed-e178d7eafbe1	20140113	1	900000000000207008	900000000000498005	700122001	R-FB66E
8f31d9f2-0cb2-5ad1-a295-c296e18965a1	20140113	1	900000000000207008	900000000000498005	700123006	R-FB66F
66de2059-9f07-548e-8ad6-ed08ae859759	20140113	1	900000000000207008	900000000000498005	700124000	R-FB670
c79549dd-195a-5071-a334-f2d5ff2b7188	20140113	1	900000000000207008	900000000000498005	700125004	R-FB671
aaaae6e1-0d2e-5d08-8ecc-3a0b8b03ea69	20140113	1	900000000000207008	900000000000498005	700126003	R-FB672
d6d602d3-3aa6-5dd2-96d6-1d0efa29afb7	20140113	1	900000000000207008	900000000000498005	700127007	R-FB673
04c85cad-b9e3-536d-a74e-554a09ae4a2c	20140113	1	900000000000207008	900000000000498005	700128002	R-FB674
528b8cba-a726-58aa-94ee-a2a43950b676	20140113	1	900000000000207008	900000000000498005	700129005	R-FB675
664646a6-df81-5bff-8dcb-e2d326ae120d	20140113	1	900000000000207008	900000000000498005	700130000	R-FB676
7f5b651a-afa7-566f-9ca1-248e45a6f195	20140113	1	900000000000207008	900000000000498005	700131001	R-FB677
8c30d039-ecb4-5d5c-98e3-11801d79a2a9	20140113	1	900000000000207008	900000000000498005	700132008	R-FB678
fd22009b-28da-5421-be17-b68a40f74509	20140113	1	900000000000207008	900000000000498005	700133003	R-FB679
0931fd2d-4673-53d3-a685-56cbf8c8c047	20140113	1	900000000000207008	900000000000498005	700134009	R-FB67A
c149a97e-5d9c-583b-9edc-11fe5cc93e85	20140113	1	900000000000207008	900000000000498005	700135005	R-FB67B
62bf8430-1f0c-558e-b22b-7137613f68aa	20140113	1	900000000000207008	900000000000498005	700136006	R-FB67C
27f25981-b19d-5a00-8e66-f7cdd02234d9	20140113	1	900000000000207008	900000000000498005	700137002	R-FB67D
1692faca-8b3b-5260-9d7c-bf386829ae31	20140113	1	900000000000207008	900000000000498005	700138007	R-FB67E
8739f283-32c3-5255-93e1-e2011dfe1521	20140113	1	900000000000207008	900000000000498005	700139004	R-FB67F
33995493-2afe-5e62-b19b-534b758d24e4	20140113	1	900000000000207008	900000000000498005	700140002	R-FB680
7c91d0e5-a5b7-5126-a82e-5447a36512aa	20140113	1	900000000000207008	900000000000498005	700141003	R-FB681
a3143beb-4008-51f6-b114-97273c9b5caa	20140113	1	900000000000207008	900000000000498005	700142005	R-FB682
3fba158c-b8d2-5eb0-96b3-f6515c46f1aa	20140113	1	900000000000207008	900000000000498005	700143000	R-FB683
28c3324a-634c-50fd-825c-d95001027e42	20140113	1	900000000000207008	900000000000498005	700144006	R-FB684
9e01677a-9ced-5937-bbab-87e5f48138a5	20140113	1	900000000000207008	900000000000498005	700145007	R-FB685
08a54f33-bbc8-5007-aec9-11bb1887e8b9	20140113	1	900000000000207008	900000000000498005	295041000119108	null
89dda5ed-f1df-5c1a-a522-054f778836d6	20140113	1	900000000000207008	900000000000498005	295051000119105	null
c92bd472-8e10-56cf-8f68-6f187ca44a84	20140113	1	900000000000207008	900000000000498005	700146008	R-FB686
e2ee0c33-1355-515c-95e4-10e5aa7d8d67	20140113	1	900000000000207008	900000000000498005	700147004	R-FB687
def8fbe9-3596-5bc8-8743-e5293174678c	20140113	1	900000000000207008	900000000000498005	700148009	R-FB688
d44e2447-9210-5f9a-877f-5980af9565ef	20140113	1	900000000000207008	900000000000498005	700149001	R-FB689
71e799d9-d049-59b0-99e1-8f570f34fa88	20140113	1	900000000000207008	900000000000498005	139471000119103	null
d31b949f-7e62-5983-80f4-5e28221eb611	20140113	1	900000000000207008	900000000000498005	139501000119109	null
e4c55b91-c663-5684-b4c7-cd3782637812	20140113	1	900000000000207008	900000000000498005	139451000119107	null
bf54fba4-5091-5404-80f7-7f9961c36bf4	20140113	1	900000000000207008	900000000000498005	139481000119100	null
067e660a-6e56-5197-b462-5cdb46e42e95	20140113	1	900000000000207008	900000000000498005	72791000119108	null
a0b54fab-d0c8-57c9-95e4-22c029139077	20140113	1	900000000000207008	900000000000498005	28221000119103	null
d02875c5-0c32-566f-bd8a-ed6edcd654e2	20140113	1	900000000000207008	900000000000498005	700150001	R-FB68A
22ab4499-0126-59a9-8834-134e0f7a9a41	20140114	1	900000000000207008	900000000000498005	700151002	R-FB68B
91641a0d-aeba-5b3a-9f9d-b4e5bac0c361	20140114	1	900000000000207008	900000000000498005	700152009	R-FB68C
309556af-3283-5625-acfa-696a0c0ace7b	20140114	1	900000000000207008	900000000000498005	700153004	R-FB68D
71c390de-1cf9-51d4-aeee-3083f6cdef71	20140114	1	900000000000207008	900000000000498005	700154005	R-FB68E
35560260-8f8d-5fd0-a585-f0ddab8f48a6	20140114	1	900000000000207008	900000000000498005	700155006	R-FB68F
0eb1a35a-0d09-5b24-9282-6eea8e3a57d4	20140114	1	900000000000207008	900000000000498005	700156007	R-FB690
9a7e4166-7e2f-52cd-8dfc-2860478c86e4	20140114	1	900000000000207008	900000000000498005	700157003	R-FB691
3bc3b180-2f2a-5b43-85e4-2e1bdd005154	20140114	1	900000000000207008	900000000000498005	700158008	R-FB692
da644842-997f-5db3-a36a-9859cc3c1067	20140114	1	900000000000207008	900000000000498005	700159000	R-FB693
5948e375-55d6-5aec-8655-188b67ed1827	20140114	1	900000000000207008	900000000000498005	700160005	R-FB694
5088a0ff-afbf-5e0f-93f3-28344f534560	20140114	1	900000000000207008	900000000000498005	700161009	R-FB695
19e8dec5-ff76-59de-9d94-b0d8cd81fdbc	20140114	1	900000000000207008	900000000000498005	700162002	R-FB696
3aacdd6a-4841-5b01-b7d3-990e017f1ae3	20140114	1	900000000000207008	900000000000498005	700163007	R-FB697
f6c2faa0-900b-5725-9f02-416c04157a38	20140114	1	900000000000207008	900000000000498005	700164001	R-FB698
ff70d39c-57fd-57dd-8a50-d56d51c60764	20140114	1	900000000000207008	900000000000498005	700165000	R-FB699
ab964585-f7d7-53df-a230-dc525ac80f51	20140114	1	900000000000207008	900000000000498005	700166004	R-FB69A
2ac057ce-b8a8-52ab-a525-c12a310cef0e	20140114	1	900000000000207008	900000000000498005	700167008	R-FB69B
71f0d146-cd3e-5fe1-932e-8cca5039902f	20140114	1	900000000000207008	900000000000498005	700168003	R-FB69C
1e0efa20-a753-524c-adc0-8884e2e788ef	20140114	1	900000000000207008	900000000000498005	700169006	R-FB69D
117e3189-93ed-5ac8-be63-1ada058e00ff	20140114	1	900000000000207008	900000000000498005	700170007	R-FB69E
bc72fd1e-6bfd-58a3-b7a3-8e45c147b1ba	20140114	1	900000000000207008	900000000000498005	700171006	R-FB69F
aa9d3084-86bd-508a-b47c-78c45d01cdef	20140114	1	900000000000207008	900000000000498005	700172004	R-FB6A0
e73a2a21-b515-5fad-8935-7c036aa06b29	20140114	1	900000000000207008	900000000000498005	700173009	R-FB6A1
369ec6d8-00a6-5e17-8c6e-55a7740c6dc8	20140114	1	900000000000207008	900000000000498005	700174003	R-FB6A2
2f014909-cecb-5100-88ba-67f429a799a6	20140114	1	900000000000207008	900000000000498005	700175002	R-FB6A3
f0de1546-15e7-5799-89e6-e5dd0ca1d6eb	20140114	1	900000000000207008	900000000000498005	700176001	R-FB6A4
dabce582-0d64-5dc7-b4af-d4c262db026a	20140114	1	900000000000207008	900000000000498005	700177005	R-FB6A5
2bcfc249-50f3-5909-b81b-4dbc618d20e0	20140114	1	900000000000207008	900000000000498005	700178000	R-FB6A6
daac7712-816f-560a-bfa1-56b8b0dd5acb	20140114	1	900000000000207008	900000000000498005	700179008	R-FB6A7
4deba329-a579-588b-9564-fb2a6d738292	20140114	1	900000000000207008	900000000000498005	700180006	R-FB6A8
0a05143a-2512-590e-a05d-c757e3353eeb	20140114	1	900000000000207008	900000000000498005	700181005	R-FB6A9
d99a8b7e-6878-5b9b-a2df-ed0156499e66	20140114	1	900000000000207008	900000000000498005	700182003	R-FB6AA
049552b6-ce22-5457-b96b-7eccd7fbf015	20140114	1	900000000000207008	900000000000498005	700183008	R-FB6AB
6474510b-8ce2-5e57-a16a-ce13ba41e1dd	20140114	1	900000000000207008	900000000000498005	700184002	R-FB6AC
2428027e-ca07-5e40-8069-84726e03964a	20140114	1	900000000000207008	900000000000498005	700185001	R-FB6AD
e52576b8-9847-5947-9f1a-036f16e1eb45	20140114	1	900000000000207008	900000000000498005	700186000	R-FB6AE
56ef0dbc-25d1-57c5-a428-a37af0c43ada	20140114	1	900000000000207008	900000000000498005	700187009	R-FB6AF
862b22c6-ad5c-53ed-ac56-c145cbb42fb8	20140114	1	900000000000207008	900000000000498005	700188004	R-FB6B0
8c769756-d0c8-5bef-bae0-784bbeb26721	20140114	1	900000000000207008	900000000000498005	700189007	R-FB6B1
e5b2f4fa-ac45-5209-ae8c-610988bac446	20140114	1	900000000000207008	900000000000498005	700190003	R-FB6B2
b9d2b0e6-10b6-5923-aced-ba722f3e20b2	20140114	1	900000000000207008	900000000000498005	700191004	R-FB6B3
875f4961-a10a-5a9d-80f1-5a70ca1deade	20140114	1	900000000000207008	900000000000498005	700192006	R-FB6B4
31397659-5858-5055-ae33-d3453315412a	20140114	1	900000000000207008	900000000000498005	700193001	R-FB6B5
0e9fa4c6-ae2f-528f-b0e2-e31a474b8220	20140114	1	900000000000207008	900000000000498005	700194007	R-FB6B6
8dc635c2-d8fc-5f3b-8a17-71ad0cef9fce	20140114	1	900000000000207008	900000000000498005	700195008	R-FB6B7
fbc9e266-0da9-54a2-a90e-1cea737ae526	20140115	1	900000000000207008	900000000000498005	700196009	R-FB6B8
b3f9eda5-9666-53d2-8e8d-7025d322598d	20140115	1	900000000000207008	900000000000498005	700197000	R-FB6B9
aa2d75f5-d39a-52a5-b4aa-295697a4e1cd	20140115	1	900000000000207008	900000000000498005	700198005	R-FB6BA
b30ddcb2-cfe7-5037-8c44-11fb5e03e614	20140115	1	900000000000207008	900000000000498005	700199002	R-FB6BB
0da058a6-3bb5-521c-a948-03af2e9026f9	20140115	1	900000000000207008	900000000000498005	700200004	R-FB6BC
f78bc024-0e5f-5eef-8d7e-2126fd82cfa5	20140115	1	900000000000207008	900000000000498005	700201000	R-FB6BD
1c468bea-d450-5f70-a50a-ed9e72c0e95e	20140115	1	900000000000207008	900000000000498005	700202007	R-FB6BE
4b75306d-3127-5699-a47b-8f5acb5961e5	20140115	1	900000000000207008	900000000000498005	700203002	R-FB6BF
e4bc1b3c-a4ea-53da-87bb-c3cc6173fb92	20140115	1	900000000000207008	900000000000498005	700204008	R-FB6C0
a0d35f10-d9dd-5ad8-a435-32010ae71861	20140115	1	900000000000207008	900000000000498005	700205009	R-FB6C1
6920a9ae-d81d-5ce9-88b2-f374ddda773a	20140115	1	900000000000207008	900000000000498005	700206005	R-FB6C2
24ac4c0d-d8e7-5072-9fbe-e5d33c8e4a8c	20140115	1	900000000000207008	900000000000498005	700207001	R-FB6C3
51afd7a4-c707-5fd3-8a82-34c5cc35215c	20140115	1	900000000000207008	900000000000498005	700208006	R-FB6C4
a5611967-fabc-5ec4-a613-a0385a939033	20140115	1	900000000000207008	900000000000498005	700209003	R-FB6C5
bf2d9932-c1c2-584d-9024-12957103bc72	20140115	1	900000000000207008	900000000000498005	700210008	R-FB6C6
e154064f-72b1-58c6-bc85-a2824789fc7a	20140115	1	900000000000207008	900000000000498005	700211007	R-FB6C7
ec0e62de-672c-5c52-aa5b-98b40118df5e	20140115	1	900000000000207008	900000000000498005	700212000	R-FB6C8
bd272701-30af-57fc-b506-42321f290c83	20140115	1	900000000000207008	900000000000498005	700213005	R-FB6C9
601af322-3779-5dec-aeae-d0039bf853c2	20140115	1	900000000000207008	900000000000498005	700214004	R-FB6CA
e1d37166-c592-5db7-95bc-bfab40054e98	20140115	1	900000000000207008	900000000000498005	700215003	R-FB6CB
22711853-cb10-5942-9675-cd6b28ce25d2	20140115	1	900000000000207008	900000000000498005	700216002	R-FB6CC
86ff104e-f0d2-5dbf-80c5-92d5dadf9501	20140115	1	900000000000207008	900000000000498005	700217006	R-FB6CD
4791ba17-bdf2-5d85-bda8-db929f546da4	20140115	1	900000000000207008	900000000000498005	700218001	R-FB6CE
e1f97230-734e-5c61-8475-d50673fde2d3	20140115	1	900000000000207008	900000000000498005	700219009	R-FB6CF
f2ca8373-4e75-5b8e-a57c-b573cf40ed8a	20140115	1	900000000000207008	900000000000498005	700220003	R-FB6D0
f6fd3ac0-f1fe-5b29-9ff1-e1f64ffea4f8	20140116	1	900000000000207008	900000000000498005	700221004	R-FB6D1
26eb7c91-d9aa-5d63-8c9b-54b7ff8b0eae	20140116	1	900000000000207008	900000000000498005	700222006	R-FB6D2
6bf0326c-eaf9-571a-8c79-ddb970b37aa7	20140116	1	900000000000207008	900000000000498005	700223001	R-FB6D3
0e53a500-3c02-5b8a-b399-39545c491753	20140116	1	900000000000207008	900000000000498005	700224007	R-FB6D4
b2832752-57c2-52b4-8de3-6c3be477e3a8	20140116	1	900000000000207008	900000000000498005	700225008	R-FB6D5
34f103d3-ff0a-5eb3-9b45-c85c0e58790b	20140116	1	900000000000207008	900000000000498005	700226009	R-FB6D6
80fd4aea-346f-52dc-a6b5-cc793e8ca369	20140116	1	900000000000207008	900000000000498005	700227000	R-FB6D7
4768441d-58c7-500d-8301-bb0671740d04	20140116	1	900000000000207008	900000000000498005	700228005	R-FB6D8
bfa0b010-6db4-5fcc-81a4-c665b54aad55	20140116	1	900000000000207008	900000000000498005	700229002	R-FB6D9
3f2ebfa2-d918-5cf8-8f80-2bbdcc5b765f	20140116	1	900000000000207008	900000000000498005	700230007	R-FB6DA
ee24981f-8250-5cea-8f51-640d6da01fcb	20140116	1	900000000000207008	900000000000498005	700231006	R-FB6DB
79f6e28f-b4c4-57ed-861b-81655939bd86	20140116	1	900000000000207008	900000000000498005	700232004	R-FB6DC
2feac9c6-b5c0-5de2-ac80-c32618643343	20140116	1	900000000000207008	900000000000498005	700233009	R-FB6DD
905e81f7-7dbc-531d-8f9e-7c2d34ed0b4b	20140116	1	900000000000207008	900000000000498005	700234003	R-FB6DE
353f3711-9e80-5352-ad92-a9f91019de0e	20140117	1	900000000000207008	900000000000498005	700235002	R-FB6DF
6b499cef-c028-57a2-bb79-76a53bf565d8	20140117	1	900000000000207008	900000000000498005	700236001	R-FB6E0
deaa642e-43a2-520b-9e0f-4e0a7a317f81	20140117	1	900000000000207008	900000000000498005	700237005	R-FB6E1
86c8ca5f-b94e-52db-9e4d-7fd5c6c43ff7	20140117	1	900000000000207008	900000000000498005	700238000	R-FB6E2
dd6a501e-070e-5938-bd53-946642213404	20140117	1	900000000000207008	900000000000498005	700239008	R-FB6E3
7c89bd84-5d92-5d83-a9b2-19863a3169fd	20140117	1	900000000000207008	900000000000498005	700240005	R-FB6E4
897536be-8015-5f98-b9f9-1109a1bfca64	20140117	1	900000000000207008	900000000000498005	700241009	R-FB6E5
863199b8-b6ec-5ee5-b3f8-f2f8c048309b	20140117	1	900000000000207008	900000000000498005	700242002	R-FB6E6
629e6ec1-a7d6-59ba-b1e7-5d29889179d1	20140117	1	900000000000207008	900000000000498005	108761000119101	null
295e5da8-8e41-5256-98f6-4b6590b11bd1	20140117	1	900000000000207008	900000000000498005	700243007	R-FB6E7
051b6ed2-661e-5b5a-8e62-7f342d37a5f4	20140117	1	900000000000207008	900000000000498005	700244001	R-FB6E8
b78535f9-d273-579d-aebe-455e80b1a7dc	20140117	1	900000000000207008	900000000000498005	700245000	R-FB6E9
2755a2a7-1154-502e-bf2b-c5d5ef1a0398	20140117	1	900000000000207008	900000000000498005	700246004	R-FB6EA
e022f972-7247-5e04-b1a2-fe7ad6b4bf8f	20140117	1	900000000000207008	900000000000498005	295091000119100	null
a77465e4-bb8a-565a-87d4-d898099e9d2c	20140117	1	900000000000207008	900000000000498005	700247008	R-FB6EB
2c7311db-4cd5-5ac0-ac24-b4dd4a3b0b4b	20140117	1	900000000000207008	900000000000498005	700248003	R-FB6EC
6ab4b5b2-6256-57cc-9ba1-b551eb6782bc	20140125	1	900000000000207008	900000000000498005	700249006	R-FB6ED
5ca39283-36d9-5a2e-ba0c-fd7f4bd69409	20140125	1	900000000000207008	900000000000498005	700250006	R-FB6EE
ecea6980-f179-555c-8fac-e8d1031add47	20140125	1	900000000000207008	900000000000498005	700251005	R-FB6EF
510e4c95-cf4b-5e3c-9fc8-9684bf520960	20140125	1	900000000000207008	900000000000498005	700252003	R-FB6F0
7d070c85-5a7e-5195-8a50-51297f5dd9b6	20140127	1	900000000000207008	900000000000498005	700253008	R-FB6F1
d004d7d5-edb0-50d8-a19b-a8ddf4693325	20140127	1	900000000000207008	900000000000498005	700254002	R-FB6F2
8d5944a0-b078-5518-b3ec-de804fa0a7d1	20140127	1	900000000000207008	900000000000498005	700255001	R-FB6F3
b65b4fab-dd7b-5636-bc4f-1765777eb0d9	20140128	1	900000000000207008	900000000000498005	700256000	R-FB6F4
53b209cf-e569-5c24-9324-8b80b4190655	20140128	1	900000000000207008	900000000000498005	700257009	R-FB6F5
a2d23a72-0f97-538f-b5f1-29d7aa4ef908	20140128	1	900000000000207008	900000000000498005	700258004	R-FB6F6
8d31ff6b-30cb-5cae-9376-f570d5022da4	20140129	1	900000000000207008	900000000000498005	700259007	R-FB6F7
212cae1f-ed3d-55a1-b271-dcf6f7aeb3e0	20140129	1	900000000000207008	900000000000498005	31181000119100	null
90ad98f2-6065-5b62-8a92-aad738f200db	20140129	1	900000000000207008	900000000000498005	124681000119104	null
0b4b65d6-e4b1-531e-8220-9ada5120e24e	20140129	1	900000000000207008	900000000000498005	700260002	R-FB6F8
cc259e2a-30a4-5f21-91c4-026f57ae6cac	20140129	1	900000000000207008	900000000000498005	700261003	R-FB6F9
9c2d84e9-3a9b-5200-97db-5cc18e34bf73	20140109	1	900000000000207008	900000000000497000	403564004	XUZrk
8d46fc99-4617-582e-a9bd-1d5f7d293068	20140109	1	900000000000207008	900000000000497000	278513006	Xa0lN
c134ab41-67bf-58e1-b3c8-98ac67036d89	20140113	1	900000000000207008	900000000000497000	10993002	XU2UW
33ec4c75-4db2-5526-aaa7-8413ae72b814	20140109	1	900000000000207008	900000000000497000	240093008	X709E
6cc21d03-b8b9-5e90-9b64-db9cde0ad5c9	20140116	1	900000000000207008	900000000000497000	310047004	XaC7D
4e3cbc96-0255-5e3e-b796-e8c14dc4e655	20140109	1	900000000000207008	900000000000497000	440419004	XUiIi
19ce2cf8-393d-5794-9a0c-c5c04505ea3f	20140113	1	900000000000207008	900000000000497000	37008009	XUCgU
47de0187-ed39-50d5-a664-4f1a6fcd47d3	20140113	1	900000000000207008	900000000000497000	48296005	XUEyX
54a94370-99b4-52d1-9bea-eb8c5f283cb1	20140113	1	900000000000207008	900000000000497000	8078004	XULOM
4963736e-7056-59de-82f6-6619e459e51e	20140110	1	900000000000207008	900000000000497000	35185008	N213.
d2d91552-f314-508b-aca1-52a10564fe0e	20140109	1	900000000000207008	900000000000497000	403469006	XUZqD
ad18bb9f-3d0f-51f7-b515-181cbc25714e	20140115	1	900000000000207008	900000000000497000	194201001	F5013
aff9f8ad-caea-5d7d-b649-4b9eb0246819	20140113	1	900000000000207008	900000000000497000	71126005	XUJUG
6543060d-d5af-5ce0-bdf2-ae5b1fd0aa0b	20140117	1	900000000000207008	900000000000497000	32917001	XUBrh
e6b82a88-d9b5-56fa-8692-54e4655c1a4a	20140113	1	900000000000207008	900000000000497000	90732008	XUNR0
26f94032-4438-54f9-b2ab-8cc75b781492	20140126	1	900000000000207008	900000000000497000	45157009	XUEMW
7da3439c-f519-5d5d-8b03-92a284ffd042	20140117	1	900000000000207008	900000000000497000	73855005	XUK1z
f51a35c9-ab11-5ede-8949-a0b98781e1ae	20140109	1	900000000000207008	900000000000497000	402714001	XUZe2
a41f2cea-dfa6-50ac-af4f-34c0414f9973	20140126	1	900000000000207008	900000000000497000	28168000	XE0Yb
8cfa6fb7-ae42-5049-b6c0-752590d7692d	20140113	1	900000000000207008	900000000000497000	9050009	XUNNx
34823af7-82d0-5a9c-92ba-08e9feb3bebb	20140113	1	900000000000207008	900000000000497000	9100000	XUNUR
93ba5fa9-57b9-5542-9f94-6b09525eba28	20140126	1	900000000000207008	900000000000497000	68759006	XUJ12
fd358eb1-5adb-58b9-b30e-c93a3945af7e	20140116	1	900000000000207008	900000000000497000	12793000	XU73B
203cb7cd-38ea-529a-9e40-34d39bca1252	20140116	1	900000000000207008	900000000000497000	310053004	XaC7J
6ada2762-bbea-54f1-b965-b53a8d79bcf3	20140109	1	900000000000207008	900000000000497000	302827006	Xa98T
e71ca6e6-dca9-5a94-b76d-3d7e290ea5bf	20140113	1	900000000000207008	900000000000497000	53720002	XUG30
d6cc940e-96b7-5edd-9d47-686c92fff354	20140113	1	900000000000207008	900000000000497000	53897000	XaEBD
852a61c7-2166-5a6e-881c-64a426fb8d57	20140113	1	900000000000207008	900000000000497000	75131001	XUKHP
af33adde-71ca-5762-8cd6-d67bb437a913	20140117	1	900000000000207008	900000000000497000	310044006	XaC7A
c6d93a70-7e3c-5340-b130-4dc7245f7f85	20140128	1	900000000000207008	900000000000497000	204764006	PB56.
625146c6-0045-5d68-8add-66367b26fb49	20140103	1	900000000000207008	900000000000497000	700066002	XUmqn
3aa76d72-a824-5869-949c-ece7fd801eb0	20140103	1	900000000000207008	900000000000497000	700067006	XUmqo
c02f5bd4-5130-5209-8747-cf6f0fe9efd8	20140108	1	900000000000207008	900000000000497000	700068001	XUmqp
898fedd7-bb8e-534d-9622-ba98994cf9a7	20140108	1	900000000000207008	900000000000497000	700069009	XUmqq
510023a1-c315-58f1-b23e-a88d03e7ae37	20140108	1	900000000000207008	900000000000497000	700070005	XUmqr
ea874afb-3a97-53a0-9390-a45deb1b37a4	20140108	1	900000000000207008	900000000000497000	700071009	XUmqs
0c02aff2-3c65-544b-8981-08a1f750756b	20140108	1	900000000000207008	900000000000497000	700072002	XUmqt
96980eb2-feec-5828-9e37-9713385fbee3	20140108	1	900000000000207008	900000000000497000	700073007	XUmqu
cc652e27-3f4b-58d6-99e0-b6176db130d8	20140108	1	900000000000207008	900000000000497000	700074001	XUmqv
888e6732-2c81-5f2a-b386-ae929e2ca5c0	20140108	1	900000000000207008	900000000000497000	700075000	XUmqw
1ba7108e-a808-58b8-9563-72361efbb456	20140108	1	900000000000207008	900000000000497000	700076004	XUmqx
0795cf35-0a20-50a9-aec7-3fbe25adc19d	20140108	1	900000000000207008	900000000000497000	700077008	XUmqy
0e9e48bd-043c-57b1-98dd-57c86e2631ba	20140109	1	900000000000207008	900000000000497000	700078003	XUmqz
8924584b-2ec6-5d1b-8072-841c5637b848	20140109	1	900000000000207008	900000000000497000	700079006	XUmr0
7b362c56-5f9d-5310-b816-2cb433b05756	20140109	1	900000000000207008	900000000000497000	700080009	XUmr1
eddd20f2-433d-53ae-9998-bdd27d9d5555	20140109	1	900000000000207008	900000000000497000	700081008	XUmr2
7575fb02-61a4-5f84-860d-44d225586317	20140109	1	900000000000207008	900000000000497000	700082001	XUmr3
88bcb4c6-d691-554e-a830-a467e1c8a58f	20140109	1	900000000000207008	900000000000497000	700083006	XUmr4
8d6352a7-5eb8-5227-8908-2562a93752c0	20140109	1	900000000000207008	900000000000497000	700084000	XUmr5
3a849011-488d-5967-8253-1870a142249e	20140109	1	900000000000207008	900000000000497000	700085004	XUmr6
58a0a5bc-cbd7-564c-a0a1-3abe006c3c21	20140109	1	900000000000207008	900000000000497000	700086003	XUmr7
b4359048-31a8-5318-a2e5-97788e3f0f93	20140109	1	900000000000207008	900000000000497000	700087007	XUmr8
29d29ee2-c247-565d-a856-5e5d73aff878	20140109	1	900000000000207008	900000000000497000	700088002	XUmr9
d2654adc-2832-54c9-9748-01baf3e36305	20140109	1	900000000000207008	900000000000497000	700089005	XUmrA
8001aa26-d543-54b2-a61d-913cb66fa941	20140109	1	900000000000207008	900000000000497000	700090001	XUmrB
5004c3ea-f2f5-534f-aa45-38e6cd972d59	20140109	1	900000000000207008	900000000000497000	700091002	XUmrC
ad8c1891-a83e-5cf4-bb61-5c599be9602d	20140109	1	900000000000207008	900000000000497000	700092009	XUmrD
81f11c28-5306-5961-858e-e686cfa1a7c7	20140109	1	900000000000207008	900000000000497000	700093004	XUmrE
ecb92cbb-ab29-54a2-8623-8e69beb6da03	20140109	1	900000000000207008	900000000000497000	700094005	XUmrF
4b51f5fd-5744-5aef-8d58-7cef2a276813	20140109	1	900000000000207008	900000000000497000	700095006	XUmrG
cc2aa5fd-2339-5ff5-9453-5fe6f7198f22	20140109	1	900000000000207008	900000000000497000	700096007	XUmrH
d6f448f6-af89-5bd7-9196-c5344c2d390c	20140109	1	900000000000207008	900000000000497000	700097003	XUmrI
4677289d-5d9d-52cd-9cff-88dae91449e8	20140109	1	900000000000207008	900000000000497000	295131000119103	null
012a1f4d-94c0-5b4d-8eae-dd97e088984a	20140109	1	900000000000207008	900000000000497000	3961000119101	null
a02a396c-b57a-595e-a7ad-43601be96361	20140110	1	900000000000207008	900000000000497000	700098008	XUmrJ
4ff95722-073c-55bd-bc20-c42894b486a6	20140110	1	900000000000207008	900000000000497000	700099000	XUmrK
f5968da4-3642-5cf1-b9c6-0af1646cbd6b	20140110	1	900000000000207008	900000000000497000	700100008	XUmrL
e2b9b46e-9f39-5b4f-88fe-28702b729da7	20140110	1	900000000000207008	900000000000497000	700101007	XUmrM
4eb89276-13fa-5529-8681-b84a46dbb0f8	20140110	1	900000000000207008	900000000000497000	700102000	XUmrN
fdf3a4c8-3e15-55ab-86fa-a5d71100f5ed	20140110	1	900000000000207008	900000000000497000	700103005	XUmrO
84ae1e15-fd3b-5eb7-ba5f-0a921b8bf5ab	20140110	1	900000000000207008	900000000000497000	700104004	XUmrP
0eed572a-8e27-58a2-811f-613c814d27b1	20140110	1	900000000000207008	900000000000497000	700105003	XUmrQ
894b8a7c-0f36-58a5-ae67-6f4e0dd4752d	20140110	1	900000000000207008	900000000000497000	700106002	XUmrR
1e532500-9986-5900-8548-35466e6fbada	20140110	1	900000000000207008	900000000000497000	700107006	XUmrS
ad39e31a-5f74-5dcb-87c5-a250a6260e24	20140110	1	900000000000207008	900000000000497000	700108001	XUmrT
0f268ebd-d857-5dfb-ac57-65b07bb72046	20140110	1	900000000000207008	900000000000497000	700109009	XUmrU
b29843b1-efab-5fa2-a78e-c57ca2aa0e77	20140110	1	900000000000207008	900000000000497000	700110004	XUmrV
ab9af95d-7ce0-5225-891f-880c496571db	20140110	1	900000000000207008	900000000000497000	700111000	XUmrW
f2e06916-ae80-5da9-a784-90c667db6ce2	20140110	1	900000000000207008	900000000000497000	700112007	XUmrX
7c37c8b2-5a12-5a76-bae0-930c13054d16	20140110	1	900000000000207008	900000000000497000	166631000119101	null
4876a695-b0c2-574d-ad40-b24a16e16c38	20140110	1	900000000000207008	900000000000497000	700113002	XUmrY
f0448b57-dad2-59ce-9746-270d9f3e61ce	20140113	1	900000000000207008	900000000000497000	700114008	XUmrZ
bb770e27-a167-54c1-8881-e6cc0c28802e	20140113	1	900000000000207008	900000000000497000	700115009	XUmra
d6d7dc24-ff16-516a-9c3b-15d56250a493	20140113	1	900000000000207008	900000000000497000	700116005	XUmrb
7c2886de-8efa-5433-8b3f-a4fc72b79654	20140113	1	900000000000207008	900000000000497000	700117001	XUmrc
a05ec241-1d16-5d69-b89f-a9e5e8d33660	20140113	1	900000000000207008	900000000000497000	700118006	XUmrd
dda591c7-00d5-5d24-96a5-ceca84453587	20140113	1	900000000000207008	900000000000497000	700119003	XUmre
3e18f8ea-d483-58a2-95d0-bcf2bb1581b8	20140113	1	900000000000207008	900000000000497000	700120009	XUmrf
14743ab2-2cd8-54ea-9349-8aef4007f776	20140113	1	900000000000207008	900000000000497000	700121008	XUmrg
0e791cac-6cf7-51a4-98c0-4cbda3956127	20140113	1	900000000000207008	900000000000497000	700122001	XUmrh
1cb54eb5-0cec-582c-ac00-761a38dc0e54	20140113	1	900000000000207008	900000000000497000	700123006	XUmri
5c2050cb-b0fb-5be8-884e-299175374ef0	20140113	1	900000000000207008	900000000000497000	700124000	XUmrj
8b10d232-0af2-577e-b05e-e61947896581	20140113	1	900000000000207008	900000000000497000	700125004	XUmrk
a081f727-6b77-53aa-b9fe-6d3268867d87	20140113	1	900000000000207008	900000000000497000	700126003	XUmrl
112e534f-1564-5915-958d-6a6b19a7584b	20140113	1	900000000000207008	900000000000497000	700127007	XUmrm
d1f7bfa2-98fe-5a5c-b859-ba600df318f1	20140113	1	900000000000207008	900000000000497000	700128002	XUmrn
5ee49cba-4787-5fe9-aca2-405dca7ed08f	20140113	1	900000000000207008	900000000000497000	700129005	XUmro
4f60ddc6-378b-5fcb-beaf-54971fc971bf	20140113	1	900000000000207008	900000000000497000	700130000	XUmrp
df8bd123-ca69-575a-aa07-de3e11994b88	20140113	1	900000000000207008	900000000000497000	700131001	XUmrq
83c54800-4e0f-549a-bbf4-85740a5f71f3	20140113	1	900000000000207008	900000000000497000	700132008	XUmrr
e6907abf-f5da-5e91-8ca5-d1a8ef9e3403	20140113	1	900000000000207008	900000000000497000	700133003	XUmrs
b37f448e-5925-569f-a570-d060213bd188	20140113	1	900000000000207008	900000000000497000	700134009	XUmrt
0f33e113-6291-57a4-b187-1a2a0dbf83ac	20140113	1	900000000000207008	900000000000497000	700135005	XUmru
d5d4ce7f-cdb4-5389-a029-dc458c1b59ea	20140113	1	900000000000207008	900000000000497000	700136006	XUmrv
5fecedcf-c475-58eb-a4ae-f6f68ab8ba8d	20140113	1	900000000000207008	900000000000497000	700137002	XUmrw
8f05e19e-098e-50aa-9295-e76c77ae22de	20140113	1	900000000000207008	900000000000497000	700138007	XUmrx
b2c0137c-97c7-5451-b678-276f818756ac	20140113	1	900000000000207008	900000000000497000	700139004	XUmry
e2401ec0-24d5-5587-9270-0ad0e7546e97	20140113	1	900000000000207008	900000000000497000	700140002	XUmrz
6387df6f-d194-5cbb-8faf-97bbec81d2ed	20140113	1	900000000000207008	900000000000497000	700141003	XUms0
c08035c8-bba6-5b2c-97c0-208d6f7ef1e7	20140113	1	900000000000207008	900000000000497000	700142005	XUms1
4e7ca4dd-599b-546b-a901-94d220181a45	20140113	1	900000000000207008	900000000000497000	700143000	XUms2
76f679f0-9748-55bc-99b0-198a4cea5274	20140113	1	900000000000207008	900000000000497000	700144006	XUms3
b677ab6e-bc2f-55de-a022-15f5fd4b3825	20140113	1	900000000000207008	900000000000497000	700145007	XUms4
6b98e63f-936a-5d30-9889-b76aeb031666	20140113	1	900000000000207008	900000000000497000	295041000119108	null
e675f3ef-f6c4-53a7-9675-022baad1228d	20140113	1	900000000000207008	900000000000497000	295051000119105	null
70b217f1-6050-559a-b763-32df7d8264a6	20140113	1	900000000000207008	900000000000497000	700146008	XUms5
75e24a6e-8bb4-5978-a402-f4171651ac3a	20140113	1	900000000000207008	900000000000497000	700147004	XUms6
d1eb7da5-3ee9-5f69-a222-a15701804bea	20140113	1	900000000000207008	900000000000497000	700148009	XUms7
0643ae34-c5c6-5dfc-be67-6d516067d45c	20140113	1	900000000000207008	900000000000497000	700149001	XUms8
43f167fc-c0fb-59d5-80c6-cbcddaf0d25c	20140113	1	900000000000207008	900000000000497000	139471000119103	null
e129e3f3-1e52-51ff-a638-69f661acfaf3	20140113	1	900000000000207008	900000000000497000	139501000119109	null
0b14af70-2c5c-5935-98dd-3ccdb0dd75e2	20140113	1	900000000000207008	900000000000497000	139451000119107	null
413681c9-d090-5cca-bdb6-9d1c57e6f4fd	20140113	1	900000000000207008	900000000000497000	139481000119100	null
399ae5e6-32a9-53ef-a4e5-2d3379aaca65	20140113	1	900000000000207008	900000000000497000	72791000119108	null
f5a37668-fcdd-521c-a53f-3dbf07f37858	20140113	1	900000000000207008	900000000000497000	28221000119103	null
cbe4c9f3-5b59-58b8-b83a-82e63bc8f088	20140113	1	900000000000207008	900000000000497000	700150001	XUms9
7bbc9498-6d13-5a75-9992-3070f065d539	20140114	1	900000000000207008	900000000000497000	700151002	XUmsA
c28c172c-fa1f-59b2-b672-5db6c0553219	20140114	1	900000000000207008	900000000000497000	700152009	XUmsB
1c262e8a-7bea-5146-9539-7d577cdf96d2	20140114	1	900000000000207008	900000000000497000	700153004	XUmsC
7f27d0e9-24c2-5d9b-85c8-b7b3a8a39f4d	20140114	1	900000000000207008	900000000000497000	700154005	XUmsD
05d16498-5abb-5b54-b1e7-4503bd587aa4	20140114	1	900000000000207008	900000000000497000	700155006	XUmsE
0e9cf1a5-e415-50f1-a419-17b75ff87fcb	20140114	1	900000000000207008	900000000000497000	700156007	XUmsF
3741795c-9e27-54bd-aeb0-18276702d9cd	20140114	1	900000000000207008	900000000000497000	700157003	XUmsG
b4c28b4a-cbf7-5eb2-843c-4aeff717877d	20140114	1	900000000000207008	900000000000497000	700158008	XUmsH
97202c43-c662-5872-9311-b643076b83ea	20140114	1	900000000000207008	900000000000497000	700159000	XUmsI
9752db56-704a-53d4-bf6e-c96bde6c34fb	20140114	1	900000000000207008	900000000000497000	700160005	XUmsJ
32ce539b-7ce4-51b3-ada5-ca71141b156c	20140114	1	900000000000207008	900000000000497000	700161009	XUmsK
2224616f-c09f-55e2-8908-7a1c1c3fb331	20140114	1	900000000000207008	900000000000497000	700162002	XUmsL
ad39a795-7c26-54f4-97e2-9e58b4e662cf	20140114	1	900000000000207008	900000000000497000	700163007	XUmsM
a4f9c6d8-34a6-5b3d-83ea-31ec83b75293	20140114	1	900000000000207008	900000000000497000	700164001	XUmsN
c8c7e47a-6003-5cf9-9944-1966c7eaa564	20140114	1	900000000000207008	900000000000497000	700165000	XUmsO
6ce965fa-ceb3-5b01-a646-89a78a87d233	20140114	1	900000000000207008	900000000000497000	700166004	XUmsP
f66d8655-0957-58d5-a96e-9f75dbc65e7c	20140114	1	900000000000207008	900000000000497000	700167008	XUmsQ
0de09ca4-8626-5d46-b59a-75b39ce8b569	20140114	1	900000000000207008	900000000000497000	700168003	XUmsR
76e3ad7b-5f5d-516c-8ddb-9ebb3e9064c1	20140114	1	900000000000207008	900000000000497000	700169006	XUmsS
07537f5d-cc8a-5445-a8d9-96ad7d63f52c	20140114	1	900000000000207008	900000000000497000	700170007	XUmsT
8ee58f84-37b9-5ba0-ad89-e98a1f3c1291	20140114	1	900000000000207008	900000000000497000	700171006	XUmsU
85cdcb74-7bcd-58bf-ba51-6e9e637b26f3	20140114	1	900000000000207008	900000000000497000	700172004	XUmsV
5af493cf-8429-5b4a-8f1e-259ba39ff6e7	20140114	1	900000000000207008	900000000000497000	700173009	XUmsW
4144dc6b-38c1-5e57-9cbc-a560c1b430bc	20140114	1	900000000000207008	900000000000497000	700174003	XUmsX
12673fdd-7ad7-5f20-bc2c-1f2ab64e358a	20140114	1	900000000000207008	900000000000497000	700175002	XUmsY
102ab878-fb39-54f6-be43-cb18dff4609a	20140114	1	900000000000207008	900000000000497000	700176001	XUmsZ
ab76251a-6ebc-59b1-87e5-607061998cf8	20140114	1	900000000000207008	900000000000497000	700177005	XUmsa
10924468-c369-5919-a0d9-7f16f15d664c	20140114	1	900000000000207008	900000000000497000	700178000	XUmsb
5a7b92c7-9dea-56f3-b6f1-6c62c377ebfc	20140114	1	900000000000207008	900000000000497000	700179008	XUmsc
fa8ee975-e84c-5ad7-b0e0-8c237005fee7	20140114	1	900000000000207008	900000000000497000	700180006	XUmsd
fa11a847-b7bd-55e7-8bbc-8a6cf76f6ce1	20140114	1	900000000000207008	900000000000497000	700181005	XUmse
c2c4eb50-b7a7-5f7b-b1e1-e4f9c2ba4ca9	20140114	1	900000000000207008	900000000000497000	700182003	XUmsf
bf2667e1-5f31-5c53-b805-74b625987c81	20140114	1	900000000000207008	900000000000497000	700183008	XUmsg
5040e106-9885-59e7-9190-4c654dd2ef5a	20140114	1	900000000000207008	900000000000497000	700184002	XUmsh
56a80d0f-eb72-5ada-8650-f131c54827bb	20140114	1	900000000000207008	900000000000497000	700185001	XUmsi
4002eda4-5d55-52ad-ad06-2461f3d5d11d	20140114	1	900000000000207008	900000000000497000	700186000	XUmsj
e22c0190-11a5-5e49-869e-8c277669ec39	20140114	1	900000000000207008	900000000000497000	700187009	XUmsk
54dd8a98-6bb5-5a39-9f70-52156c4eac06	20140114	1	900000000000207008	900000000000497000	700188004	XUmsl
3b208f2f-71de-5cf0-8de9-04080e7294e1	20140114	1	900000000000207008	900000000000497000	700189007	XUmsm
bd924b19-80e8-563a-9745-541a368af3ab	20140114	1	900000000000207008	900000000000497000	700190003	XUmsn
0fe2e7cf-6ff4-5dd9-a0f0-11022bad5022	20140114	1	900000000000207008	900000000000497000	700191004	XUmso
3bedbac3-ce81-560f-9a16-7171c4295d8c	20140114	1	900000000000207008	900000000000497000	700192006	XUmsp
3856a14a-4731-5672-9b6b-43aa93d6b7a1	20140114	1	900000000000207008	900000000000497000	700193001	XUmsq
150f1dfb-589c-5b68-bafd-2556c960b7e6	20140114	1	900000000000207008	900000000000497000	700194007	XUmsr
ee6dd5bc-e8dc-52d2-b5fb-bfe33a772dd7	20140114	1	900000000000207008	900000000000497000	700195008	XUmss
bc0c264d-a9ff-527e-afdd-7cb7f1bb481b	20140115	1	900000000000207008	900000000000497000	700196009	XUmst
615ad1cd-24cc-58bc-bfbb-f2fa4e268cd1	20140115	1	900000000000207008	900000000000497000	700197000	XUmsu
a387d1ad-9141-54dc-8c54-213b7654b40b	20140115	1	900000000000207008	900000000000497000	700198005	XUmsv
4f6da705-e0de-5ca3-9afd-1157661730ca	20140115	1	900000000000207008	900000000000497000	700199002	XUmsw
40847ce2-2a74-5cce-b992-f63dfd5dd1a7	20140115	1	900000000000207008	900000000000497000	700200004	XUmsx
f99dfc21-d306-5212-9489-18c792cf5b59	20140115	1	900000000000207008	900000000000497000	700201000	XUmsy
8e2cef3e-b557-56c7-95e2-5f5f4735959f	20140115	1	900000000000207008	900000000000497000	700202007	XUmsz
b6beb5f4-3cd5-5e60-8406-96032f470f4d	20140115	1	900000000000207008	900000000000497000	700203002	XUmt0
9f7571c6-fe8f-5db8-b34e-69b0e7369113	20140115	1	900000000000207008	900000000000497000	700204008	XUmt1
668436c3-bf87-5148-bc03-917f85105b9f	20140115	1	900000000000207008	900000000000497000	700205009	XUmt2
d581a910-3295-54b7-99a9-0f12cc4783fd	20140115	1	900000000000207008	900000000000497000	700206005	XUmt3
2e67bd25-ef3f-50e5-89e1-70cac399ceed	20140115	1	900000000000207008	900000000000497000	700207001	XUmt4
faa75adb-e6d2-5f6e-a9a1-06d50b9300b0	20140115	1	900000000000207008	900000000000497000	700208006	XUmt5
a52c4fe1-469b-5629-bc32-b5f9d15c540a	20140115	1	900000000000207008	900000000000497000	700209003	XUmt6
b4a7b843-b574-52b5-9c6b-b22219003506	20140115	1	900000000000207008	900000000000497000	700210008	XUmt7
90f042e2-5851-5283-ad9a-e43eb9cfe7a6	20140115	1	900000000000207008	900000000000497000	700211007	XUmt8
664ba315-9eb3-5690-9222-d829344d6298	20140115	1	900000000000207008	900000000000497000	700212000	XUmt9
ddb3013a-f178-5755-8ecc-decc8ed5be83	20140115	1	900000000000207008	900000000000497000	700213005	XUmtA
235a280c-1a7e-5930-b925-36c1dddd5836	20140115	1	900000000000207008	900000000000497000	700214004	XUmtB
d09d797b-3aee-56de-a545-8d730a07cad5	20140115	1	900000000000207008	900000000000497000	700215003	XUmtC
29735339-04b8-5132-a0a9-b1a70df156cb	20140115	1	900000000000207008	900000000000497000	700216002	XUmtD
dca662ce-da05-5e5d-9d24-bdf8106c4075	20140115	1	900000000000207008	900000000000497000	700217006	XUmtE
16f67146-5d1e-5595-adb7-61235a67c778	20140115	1	900000000000207008	900000000000497000	700218001	XUmtF
681ffc0a-5904-516b-9799-0d47f3448b1d	20140115	1	900000000000207008	900000000000497000	700219009	XUmtG
da82dfdb-53a9-5760-823b-8b202db7448a	20140115	1	900000000000207008	900000000000497000	700220003	XUmtH
98d052fb-28bd-5fe7-8709-af146d36e9bf	20140116	1	900000000000207008	900000000000497000	700221004	XUmtI
efca53c5-8980-5c8a-994c-8d9c6ac0e5dc	20140116	1	900000000000207008	900000000000497000	700222006	XUmtJ
2caf1d75-046b-59e4-bfdd-23b709f77838	20140116	1	900000000000207008	900000000000497000	700223001	XUmtK
e7a785c3-b3bc-58e2-92c6-ecf7ec883ddf	20140116	1	900000000000207008	900000000000497000	700224007	XUmtL
021debd4-fc1b-5e94-aac6-c8c5585eff09	20140116	1	900000000000207008	900000000000497000	700225008	XUmtM
0401431d-c8e8-55bb-b85a-bd6a46702374	20140116	1	900000000000207008	900000000000497000	700226009	XUmtN
32ff6e49-897c-555d-a7a9-35758d8f4c51	20140116	1	900000000000207008	900000000000497000	700227000	XUmtO
ad5ad98c-7e91-5953-b8ab-dbf061ce0751	20140116	1	900000000000207008	900000000000497000	700228005	XUmtP
267d1f46-230c-5304-9e96-c951ac88b4bc	20140116	1	900000000000207008	900000000000497000	700229002	XUmtQ
33cecd99-efae-5524-8a1a-48d1542208c2	20140116	1	900000000000207008	900000000000497000	700230007	XUmtR
b1c15f81-aa0b-52bd-818d-45bae33cbfe6	20140116	1	900000000000207008	900000000000497000	700231006	XUmtS
e789f9e1-c661-5f4c-8647-bd7a4eee31bc	20140116	1	900000000000207008	900000000000497000	700232004	XUmtT
32de9b5b-dda3-5110-9472-927a9f7e7d2c	20140116	1	900000000000207008	900000000000497000	700233009	XUmtU
8d49f284-a0f8-5183-ae55-800f5e3a9499	20140116	1	900000000000207008	900000000000497000	700234003	XUmtV
27778cb9-5c43-5279-9698-3c248588ea34	20140117	1	900000000000207008	900000000000497000	700235002	XUmtW
7d8364e0-1564-56cd-8988-c0944f8f8740	20140117	1	900000000000207008	900000000000497000	700236001	XUmtX
cf83b944-4024-506d-9c6a-761de06de003	20140117	1	900000000000207008	900000000000497000	700237005	XUmtY
161c112e-09cf-5f15-abd7-85eb03186435	20140117	1	900000000000207008	900000000000497000	700238000	XUmtZ
79e7c1c9-d6c7-5c11-b914-19eff71d2024	20140117	1	900000000000207008	900000000000497000	700239008	XUmta
7b16d51d-7083-590b-bae3-9e384910d819	20140117	1	900000000000207008	900000000000497000	700240005	XUmtb
a3a4b9d2-3d22-5d2f-82b3-30c47ac8a9b1	20140117	1	900000000000207008	900000000000497000	700241009	XUmtc
dd70dc56-f47c-5804-8b9d-4f378dca4049	20140117	1	900000000000207008	900000000000497000	700242002	XUmtd
bb30c4e7-28e8-524b-a1ed-1b99186a38ed	20140117	1	900000000000207008	900000000000497000	108761000119101	null
3ea35a0e-07fc-5773-83d2-afee267aa12d	20140117	1	900000000000207008	900000000000497000	700243007	XUmte
6f637388-b885-5055-a208-dcd4159eba23	20140117	1	900000000000207008	900000000000497000	700244001	XUmtf
180960d4-b871-5e7f-be44-6879ea164cf4	20140117	1	900000000000207008	900000000000497000	700245000	XUmtg
aa97fbf5-9228-5f51-9af3-6ee1e0d0931a	20140117	1	900000000000207008	900000000000497000	700246004	XUmth
9c107896-0aeb-5ef4-9f25-262cea707c6c	20140117	1	900000000000207008	900000000000497000	295091000119100	null
b0490c05-acaf-5031-86e0-dbbdafcb5c59	20140117	1	900000000000207008	900000000000497000	700247008	XUmti
9a91b6bf-e342-5cf9-aaa1-e554585d50ae	20140117	1	900000000000207008	900000000000497000	700248003	XUmtj
a8a463ac-c8a2-50c3-aa0f-c5cdb31f5b5c	20140125	1	900000000000207008	900000000000497000	700249006	XUmtk
6e6d5280-e27a-59bc-b97e-30fd102e67c9	20140125	1	900000000000207008	900000000000497000	700250006	XUmtl
a87d3f4d-0a69-5362-8bcb-c7b5f56ca810	20140125	1	900000000000207008	900000000000497000	700251005	XUmtm
5ef0433c-2607-5844-b0d1-f609b1e356f9	20140125	1	900000000000207008	900000000000497000	700252003	XUmtn
51726bc1-5f8e-500f-99ea-66fb2999e00b	20140127	1	900000000000207008	900000000000497000	700253008	XUmto
48a56dee-0bfe-5c9d-8f41-b1cac3a0e091	20140127	1	900000000000207008	900000000000497000	700254002	XUmtp
95465576-a766-5a7d-ab2e-6c6b400ff5fc	20140127	1	900000000000207008	900000000000497000	700255001	XUmtq
b1094e73-980d-5ce6-b085-cd64c5cdf8aa	20140128	1	900000000000207008	900000000000497000	700256000	XUmtr
7690550c-1729-5636-afcf-1cb3a12f2f0e	20140128	1	900000000000207008	900000000000497000	700257009	XUmts
85d346bf-8f06-5e6d-8703-4e0edfd68e6d	20140128	1	900000000000207008	900000000000497000	700258004	XUmtt
15a2b84f-513e-5793-86da-433134da0e1a	20140129	1	900000000000207008	900000000000497000	700259007	XUmtu
f7f28bc4-b0f2-5421-a1fd-f08d8c5bc7cf	20140129	1	900000000000207008	900000000000497000	31181000119100	null
c736a6d2-37e1-52bc-aab2-e1caa729be84	20140129	1	900000000000207008	900000000000497000	124681000119104	null
0e95a9ad-e3fe-5362-858b-adfe96e10d2a	20140129	1	900000000000207008	900000000000497000	700260002	XUmtv
1485ac1a-65a0-57c3-8a37-17a90bb4067c	20140129	1	900000000000207008	900000000000497000	700261003	XUmtw
