id	effectiveTime	active	moduleId	sourceId	destinationId	relationshipGroup	typeId	characteristicTypeId	modifierId
4253960022	20140109	0	900000000000207008	403564004	402714001	0	116680003	900000000000010007	900000000000451002
571f285a-cc2d-4953-b4fa-821982c3e083	20140109	1	900000000000207008	403564004	312716006	0	363698007	900000000000010007	900000000000451002
ce6e71bc-a7bc-47f4-bb7c-c4bcbb371896	20140109	1	900000000000207008	403564004	ff96c370-aafb-46fd-844c-f816f965367c	0	116680003	900000000000010007	900000000000451002
4288231027	20140115	0	900000000000207008	232222008	28347008	1	363698007	900000000000010007	900000000000451002
828f7228-83a1-4eac-8847-6e2fd117c8be	20140115	1	900000000000207008	232222008	86409001	1	363698007	900000000000010007	900000000000451002
4320757023	20140115	0	900000000000207008	267665002	28347008	1	363698007	900000000000010007	900000000000451002
6e5a2da0-5b76-40c1-bd7e-28bb78abb095	20140115	1	900000000000207008	267665002	86409001	1	363698007	900000000000010007	900000000000451002
4301957029	20140109	0	900000000000207008	278513006	127954009	0	363698007	900000000000010007	900000000000451002
3915380026	20140109	0	900000000000207008	278513006	267607008	0	116680003	900000000000010007	900000000000451002
3860199025	20140113	0	900000000000207008	10993002	53897000	0	116680003	900000000000010007	900000000000451002
3875675027	20140109	0	900000000000207008	240093008	267607008	0	116680003	900000000000010007	900000000000451002
4304546027	20140109	0	900000000000207008	240093008	127954009	0	363698007	900000000000010007	900000000000451002
3997225027	20140115	0	900000000000207008	27942005	27550009	0	116680003	900000000000010007	900000000000451002
4350627022	20140115	0	900000000000207008	36292003	28347008	1	363698007	900000000000010007	900000000000451002
2eebb36c-9694-460e-8ef2-3b9564f1a993	20140115	1	900000000000207008	36292003	86409001	1	363698007	900000000000010007	900000000000451002
5718bd38-457c-4daa-ad11-d2b90b63d378	20140109	1	900000000000207008	402911002	30285000	1	116676008	900000000000010007	900000000000451002
331997d0-0303-4713-9639-83c9e678b963	20140109	1	900000000000207008	402911002	35900000	1	363698007	900000000000010007	900000000000451002
028b568f-4ae4-4b6a-a681-e7309f9f01c3	20140109	1	900000000000207008	402911002	400155002	1	116676008	900000000000010007	900000000000451002
3855209025	20140113	0	900000000000207008	224457004	224456008	0	116680003	900000000000010007	900000000000451002
756b143f-9363-47c2-adba-89cd5cb0234b	20140113	1	900000000000207008	224457004	02ead264-2f38-4e96-8453-1ad279c2fbf1	0	116680003	900000000000010007	900000000000451002
3950018022	20140116	0	900000000000207008	310047004	118661008	0	116680003	900000000000010007	900000000000451002
4fa4a741-a7cb-458e-a68e-97d57143cbe1	20140109	1	900000000000207008	440419004	303699009	0	47429007	900000000000010007	900000000000451002
db471b13-c671-493d-8210-9d3fae9fa5ba	20140109	1	900000000000207008	440419004	122865005	0	363698007	900000000000010007	900000000000451002
4017427026	20140113	0	900000000000207008	37008009	53897000	0	116680003	900000000000010007	900000000000451002
4007838026	20140113	0	900000000000207008	2668005	53897000	0	116680003	900000000000010007	900000000000451002
d830cc60-e36b-453e-abe3-13c69f455b79	20140113	1	900000000000207008	2668005	16177004	0	116680003	900000000000010007	900000000000451002
4347458022	20140115	0	900000000000207008	21543000	28347008	1	363698007	900000000000010007	900000000000451002
67d7c58b-2c7f-4fb4-8a24-ddc87aa6d36f	20140115	1	900000000000207008	21543000	86409001	1	363698007	900000000000010007	900000000000451002
4500977024	20140115	0	900000000000207008	111898002	28347008	1	363698007	900000000000010007	900000000000451002
d4e4d8f2-76d5-4d4d-bbe6-840b712592f0	20140115	1	900000000000207008	111898002	86409001	1	363698007	900000000000010007	900000000000451002
a357c4b5-c9b3-40f7-a9fc-5a46a3e3b1b0	20140125	1	900000000000207008	44274007	0b6d802d-7900-4ab4-b315-b206716e8d04	0	116680003	900000000000010007	900000000000451002
3872330026	20140125	0	900000000000207008	236302005	64667001	0	116680003	900000000000010007	900000000000451002
ab38a98b-6768-4e39-8ba0-bf861cbb011f	20140125	1	900000000000207008	236302005	0b6d802d-7900-4ab4-b315-b206716e8d04	0	116680003	900000000000010007	900000000000451002
4108745024	20140129	0	900000000000207008	193325002	42059000	0	116680003	900000000000010007	900000000000451002
22decf2b-b206-4598-8739-d24fb022adc6	20140129	1	900000000000207008	193325002	31181000119100	0	116680003	900000000000010007	900000000000451002
4493473020	20140115	0	900000000000207008	232241006	28347008	1	363698007	900000000000010007	900000000000451002
cf242d05-d92b-4234-a96c-cc3a435e3ea6	20140115	1	900000000000207008	232241006	86409001	1	363698007	900000000000010007	900000000000451002
4290576027	20140115	0	900000000000207008	232243009	1902009	1	363698007	900000000000010007	900000000000451002
4290869029	20140115	0	900000000000207008	232243009	84499006	1	116676008	900000000000010007	900000000000451002
3871363020	20140115	0	900000000000207008	232243009	232236003	0	116680003	900000000000010007	900000000000451002
2d3ea506-12d5-400d-8395-3cbf9e2e4fd8	20140115	1	900000000000207008	232243009	50563003	0	116680003	900000000000010007	900000000000451002
98663092-2076-488c-9180-0ad44f76c55d	20140115	1	900000000000207008	232243009	23583003	1	116676008	900000000000010007	900000000000451002
9f8a8d91-9c1b-474f-998a-3519fd227666	20140115	1	900000000000207008	232243009	232231008	0	116680003	900000000000010007	900000000000451002
7d722392-fa93-4611-9a39-e6384ea44bb3	20140115	1	900000000000207008	232243009	86409001	1	363698007	900000000000010007	900000000000451002
3993117022	20140117	0	900000000000207008	18756002	32917001	0	116680003	900000000000010007	900000000000451002
1a009594-7236-477e-bb3e-997863eaddce	20140109	1	900000000000207008	403370006	35900000	0	363698007	900000000000010007	900000000000451002
4352257025	20140115	0	900000000000207008	30250000	28347008	1	363698007	900000000000010007	900000000000451002
7e517f77-c000-4be0-95e3-72e220e632db	20140115	1	900000000000207008	30250000	86409001	1	363698007	900000000000010007	900000000000451002
3968027022	20140109	0	900000000000207008	335977000	198068005	0	116680003	900000000000010007	900000000000451002
c3379a8e-e85c-4d89-9965-08caec174e37	20140109	1	900000000000207008	335977000	33958003	0	116680003	900000000000010007	900000000000451002
aaa03f22-1c4f-46d7-96c7-3670f398e02f	20140109	1	900000000000207008	335977000	18911002	1	363698007	900000000000010007	900000000000451002
2e07f67e-fae3-494c-b6fb-62b2a07e2403	20140109	1	900000000000207008	335977000	79654002	1	116676008	900000000000010007	900000000000451002
4021421020	20140113	0	900000000000207008	48296005	53897000	0	116680003	900000000000010007	900000000000451002
4246312027	20140126	0	900000000000207008	426437004	28168000	0	116680003	900000000000010007	900000000000451002
e34cc725-9c92-47bf-b261-712e03ee0fec	20140126	1	900000000000207008	426437004	f8bb811a-4a5d-4ed7-9ca2-1c8c2234658e	0	116680003	900000000000010007	900000000000451002
3983756024	20140115	0	900000000000207008	1902009	281710007	0	116680003	900000000000010007	900000000000451002
6e39789a-e61a-496f-b662-f8e53cf26d97	20140115	1	900000000000207008	1902009	281708005	0	116680003	900000000000010007	900000000000451002
4071938026	20140113	0	900000000000207008	8078004	53897000	0	116680003	900000000000010007	900000000000451002
4496662027	20140115	0	900000000000207008	232239005	28347008	1	363698007	900000000000010007	900000000000451002
637dc549-5176-415a-b1e3-57ea232f592a	20140115	1	900000000000207008	232239005	86409001	1	363698007	900000000000010007	900000000000451002
eb8423c7-aec3-4ef8-826d-8bd36cc93781	20140115	1	900000000000207008	402207002	232243009	0	116680003	900000000000010007	900000000000451002
4264356023	20140109	0	900000000000207008	399941001	11671000	0	116680003	900000000000010007	900000000000451002
0ff7f428-8152-4da1-9297-61aa4407c2c0	20140109	1	900000000000207008	399941001	302827006	0	116680003	900000000000010007	900000000000451002
cdbb73dc-a530-42a9-820a-8acdeb85eb8a	20140109	1	900000000000207008	254619006	302827006	1	116676008	900000000000010007	900000000000451002
4168650028	20140103	0	900000000000207008	406435003	372912004	0	116680003	900000000000010007	900000000000451002
6a739e46-967f-469b-a44c-7f2e22373784	20140103	1	900000000000207008	406435003	037b2dc9-c335-4e25-b225-3f24df35c9aa	0	116680003	900000000000010007	900000000000451002
5c49f521-2146-4d03-8f57-68a38b139dd6	20140109	1	900000000000207008	361279005	72753001	1	363698007	900000000000010007	900000000000451002
ed0bbd1b-e2d8-4d4e-8a4f-a834f1333eaf	20140109	1	900000000000207008	361279005	23583003	1	116676008	900000000000010007	900000000000451002
4289772024	20140115	0	900000000000207008	232223003	28347008	1	363698007	900000000000010007	900000000000451002
83aeb37c-0043-48a3-81b4-a73a67376bbe	20140115	1	900000000000207008	232223003	86409001	1	363698007	900000000000010007	900000000000451002
4106565023	20140129	0	900000000000207008	193327005	42059000	0	116680003	900000000000010007	900000000000451002
6e63c8ed-0148-4182-aa1c-c6b18bdb29fc	20140129	1	900000000000207008	193327005	31181000119100	0	116680003	900000000000010007	900000000000451002
4492116022	20140115	0	900000000000207008	232237007	28347008	1	363698007	900000000000010007	900000000000451002
af604ede-5a4b-438f-b5cd-226281fbca19	20140115	1	900000000000207008	232237007	86409001	1	363698007	900000000000010007	900000000000451002
fad62407-ec3a-46bb-9d73-b8b1330e8537	20140110	1	900000000000207008	35185008	127949000	0	363698007	900000000000010007	900000000000451002
3855249022	20140113	0	900000000000207008	224458009	224456008	0	116680003	900000000000010007	900000000000451002
234f76d8-f5ce-47d1-88c6-69f8c955fbcc	20140113	1	900000000000207008	224458009	02ead264-2f38-4e96-8453-1ad279c2fbf1	0	116680003	900000000000010007	900000000000451002
24e7a569-b62d-48ac-92d8-5572a244f459	20140109	1	900000000000207008	403469006	18911002	0	363698007	900000000000010007	900000000000451002
4292398025	20140111	0	900000000000207008	202888004	12611008	0	363698007	900000000000010007	900000000000451002
4bc6ca02-bf9c-466e-be4f-ed9dc3d48229	20140111	1	900000000000207008	202888004	699614004	0	363698007	900000000000010007	900000000000451002
3844155024	20140115	0	900000000000207008	194201001	267665002	0	116680003	900000000000010007	900000000000451002
3988884024	20140128	0	900000000000207008	17755000	52182008	0	116680003	900000000000010007	900000000000451002
83e35735-4e9e-4197-a13f-8df9545eabbe	20140128	1	900000000000207008	17755000	235699006	0	116680003	900000000000010007	900000000000451002
4078378024	20140125	0	900000000000207008	8549006	64667001	0	116680003	900000000000010007	900000000000451002
4a9de96b-9c7a-4d0e-aaf3-2b63692298c6	20140125	1	900000000000207008	8549006	0b6d802d-7900-4ab4-b315-b206716e8d04	0	116680003	900000000000010007	900000000000451002
4072475029	20140113	0	900000000000207008	71126005	118292001	0	116680003	900000000000010007	900000000000451002
4371321023	20140113	0	900000000000207008	71126005	28035005	0	405814001	900000000000010007	900000000000451002
4072474025	20140113	0	900000000000207008	71126005	53897000	0	116680003	900000000000010007	900000000000451002
4514683021	20140115	0	900000000000207008	402208007	28347008	1	363698007	900000000000010007	900000000000451002
4253019028	20140115	0	900000000000207008	402208007	3135009	0	116680003	900000000000010007	900000000000451002
32b09f60-99d7-42b2-a488-cf54bc18be83	20140115	1	900000000000207008	402208007	53295002	0	116680003	900000000000010007	900000000000451002
c18fccdf-1bc2-4476-b81b-86238b30c356	20140115	1	900000000000207008	402208007	232243009	0	116680003	900000000000010007	900000000000451002
c334bc73-3805-4528-9bc7-f4c9e63095d1	20140115	1	900000000000207008	402208007	86409001	1	363698007	900000000000010007	900000000000451002
4492114020	20140115	0	900000000000207008	232236003	28347008	1	363698007	900000000000010007	900000000000451002
88b08a80-e89b-429e-a9d4-bc48a7fc9eb6	20140115	1	900000000000207008	232236003	86409001	1	363698007	900000000000010007	900000000000451002
4010079021	20140117	0	900000000000207008	32917001	50967008	0	116680003	900000000000010007	900000000000451002
4076646026	20140113	0	900000000000207008	90732008	53897000	0	116680003	900000000000010007	900000000000451002
4017538028	20140126	0	900000000000207008	45157009	64667001	0	116680003	900000000000010007	900000000000451002
4458612022	20140126	0	900000000000207008	45157009	113253006	1	363698007	900000000000010007	900000000000451002
4355034020	20140126	0	900000000000207008	45157009	9656002	1	116676008	900000000000010007	900000000000451002
4458613028	20140126	0	900000000000207008	45157009	113254000	1	363698007	900000000000010007	900000000000451002
4458615024	20140126	0	900000000000207008	45157009	23583003	1	116676008	900000000000010007	900000000000451002
4458614023	20140126	0	900000000000207008	45157009	125565008	1	116676008	900000000000010007	900000000000451002
4071038029	20140117	0	900000000000207008	73855005	32917001	0	116680003	900000000000010007	900000000000451002
4365173020	20140115	0	900000000000207008	53295002	28347008	1	363698007	900000000000010007	900000000000451002
6e33260d-8046-4633-9ed9-1c53a1b3f5a4	20140115	1	900000000000207008	53295002	86409001	1	363698007	900000000000010007	900000000000451002
4252573022	20140109		900000000000207008	402714001	238932004	0	116680003	900000000000010007	900000000000451002
4365f4e0-dd67-4ae0-af85-a7b31626c1b8	20140109	1	900000000000207008	402714001	25674000	0	116680003	900000000000010007	900000000000451002
e5ff51bc-8cfb-4468-8e17-1bdb632159dd	20140109	1	900000000000207008	402714001	14225003	0	363698007	900000000000010007	900000000000451002
9f28fcd6-9a98-455b-8719-e8bb6e896399	20140111	1	900000000000207008	699614004	30021000	0	116680003	900000000000010007	900000000000451002
33ba74f5-8544-4462-bff9-a888e8265bd6	20140125	1	900000000000207008	129451001	0b6d802d-7900-4ab4-b315-b206716e8d04	0	116680003	900000000000010007	900000000000451002
4355552026	20140126	0	900000000000207008	28168000	84499006	1	116676008	900000000000010007	900000000000451002
4460264024	20140126	0	900000000000207008	28168000	9656002	1	116676008	900000000000010007	900000000000451002
4003653020	20140126	0	900000000000207008	28168000	45157009	0	116680003	900000000000010007	900000000000451002
4460080022	20140126	0	900000000000207008	28168000	125565008	1	116676008	900000000000010007	900000000000451002
4460078027	20140126	0	900000000000207008	28168000	113253006	1	363698007	900000000000010007	900000000000451002
4460079024	20140126	0	900000000000207008	28168000	113254000	1	363698007	900000000000010007	900000000000451002
4003652026	20140126	0	900000000000207008	28168000	36599006	0	116680003	900000000000010007	900000000000451002
4448646028	20140115	0	900000000000207008	86981007	28347008	1	363698007	900000000000010007	900000000000451002
b684a42c-719b-482b-85f0-e42626a2a02e	20140115	1	900000000000207008	86981007	86409001	1	363698007	900000000000010007	900000000000451002
4491831028	20140115	0	900000000000207008	232231008	28347008	1	363698007	900000000000010007	900000000000451002
4491832024	20140115	0	900000000000207008	232231008	23583003	1	116676008	900000000000010007	900000000000451002
4087370024	20140113	0	900000000000207008	9050009	53897000	0	116680003	900000000000010007	900000000000451002
4073115021	20140113	0	900000000000207008	9100000	16349000	0	116680003	900000000000010007	900000000000451002
4452815027	20140126	0	900000000000207008	68759006	23583003	1	116676008	900000000000010007	900000000000451002
4055302021	20140126	0	900000000000207008	68759006	19342008	0	116680003	900000000000010007	900000000000451002
4361889026	20140126	0	900000000000207008	68759006	113253006	1	363698007	900000000000010007	900000000000451002
4055301025	20140126	0	900000000000207008	68759006	45157009	0	116680003	900000000000010007	900000000000451002
4383662022	20140115	0	900000000000207008	194202008	28347008	1	363698007	900000000000010007	900000000000451002
5d065abd-4a2a-4ee4-b5e7-fdd377fca3ee	20140115	1	900000000000207008	194202008	86409001	1	363698007	900000000000010007	900000000000451002
3975001024	20140116	0	900000000000207008	12793000	14736009	0	116680003	900000000000010007	900000000000451002
3975000020	20140116	0	900000000000207008	12793000	118661008	0	116680003	900000000000010007	900000000000451002
4383664023	20140115	0	900000000000207008	194203003	28347008	1	363698007	900000000000010007	900000000000451002
17a929e3-b703-4e39-a37d-9dd09cf5b77b	20140115	1	900000000000207008	194203003	86409001	1	363698007	900000000000010007	900000000000451002
3958860021	20140116	0	900000000000207008	310053004	118661008	0	116680003	900000000000010007	900000000000451002
93906ef1-ccc0-4d49-9866-2f7ec0be50ea	20140109	1	900000000000207008	302827006	108369006	0	116680003	900000000000010007	900000000000451002
22626468-66df-4a85-b787-b3d423754625	20140125	1	900000000000207008	129458007	0b6d802d-7900-4ab4-b315-b206716e8d04	0	116680003	900000000000010007	900000000000451002
7f09cf49-1f60-46d4-8b3f-f125dcfbb2fb	20140109	1	900000000000207008	64773009	302827006	0	116680003	900000000000010007	900000000000451002
4030658025	20140113	0	900000000000207008	53720002	53897000	0	116680003	900000000000010007	900000000000451002
3973685027	20140125	0	900000000000207008	129452008	64667001	0	116680003	900000000000010007	900000000000451002
7a1174a1-da67-4f0d-ac22-3d56577a4182	20140125	1	900000000000207008	129452008	0b6d802d-7900-4ab4-b315-b206716e8d04	0	116680003	900000000000010007	900000000000451002
4462820025	20140115	0	900000000000207008	194207002	28347008	1	363698007	900000000000010007	900000000000451002
96d236b1-0d4b-43c7-a450-0cb03c4800e8	20140115	1	900000000000207008	194207002	86409001	1	363698007	900000000000010007	900000000000451002
4363167021	20140113	0	900000000000207008	53897000	4442007	0	405814001	900000000000010007	900000000000451002
4032973024	20140113	0	900000000000207008	53897000	16177004	0	116680003	900000000000010007	900000000000451002
4106564022	20140129	0	900000000000207008	193326001	42059000	0	116680003	900000000000010007	900000000000451002
dc85d867-0216-4768-8d3e-c4397e0885f3	20140129	1	900000000000207008	193326001	31181000119100	0	116680003	900000000000010007	900000000000451002
4056912026	20140113	0	900000000000207008	75131001	53897000	0	116680003	900000000000010007	900000000000451002
4348075020	20140115	0	900000000000207008	3135009	28347008	1	363698007	900000000000010007	900000000000451002
3cfded3f-9ad9-498f-b6e5-f411c52e74a6	20140115	1	900000000000207008	3135009	86409001	1	363698007	900000000000010007	900000000000451002
3955424024	20140117	0	900000000000207008	310044006	118661008	0	116680003	900000000000010007	900000000000451002
4488063026	20140128	0	900000000000207008	204764006	38848004	1	363698007	900000000000010007	900000000000451002
3849042024	20140128	0	900000000000207008	204764006	128335001	0	116680003	900000000000010007	900000000000451002
4286778022	20140128	0	900000000000207008	204764006	255399007	0	246454002	900000000000010007	900000000000451002
4488064021	20140128	0	900000000000207008	204764006	107656002	1	116676008	900000000000010007	900000000000451002
4103250027	20140115	0	900000000000207008	193069004	230743001	0	116680003	900000000000010007	900000000000451002
e2070617-fbde-4356-901d-8be163f36454	20140115	1	900000000000207008	193069004	1b381c99-24c4-47a5-b8f7-5415e38feb67	0	116680003	900000000000010007	900000000000451002
0b2b7f89-6a86-5fa4-a2ce-646c9049bfc7	20140103	1	900000000000207008	abc716a4-2ed6-4a6b-aa4d-e206ec510088	698093003	0	116680003	900000000000010007	900000000000451002
47f3f306-b1c2-5ca8-9ab1-2e99384d41c1	20140103	1	900000000000207008	037b2dc9-c335-4e25-b225-3f24df35c9aa	372912004	0	116680003	900000000000010007	900000000000451002
3fe2309e-0443-552e-9964-07054f4434df	20140108	1	900000000000207008	72a6d19f-7ce9-4da2-b97c-f5bc25f9c16b	71388002	0	116680003	900000000000010007	900000000000451002
070338d7-7c4c-4393-94e0-71415f32618e	20140108	1	900000000000207008	72a6d19f-7ce9-4da2-b97c-f5bc25f9c16b	429892002	1	363703001	900000000000010007	900000000000451002
92bd4714-8e61-4fbd-bf79-e8ad1aa9d3fb	20140108	1	900000000000207008	72a6d19f-7ce9-4da2-b97c-f5bc25f9c16b	312275004	1	260686004	900000000000010007	900000000000451002
1fb0c39e-511b-496a-9cb1-e2e37dec0fb3	20140108	1	900000000000207008	72a6d19f-7ce9-4da2-b97c-f5bc25f9c16b	9454009	1	405813007	900000000000010007	900000000000451002
c216d7c9-e468-4669-85b3-7623acdb4511	20140108	1	900000000000207008	72a6d19f-7ce9-4da2-b97c-f5bc25f9c16b	303779005	2	424226004	900000000000010007	900000000000451002
ab225cf9-9d14-4655-ad32-c271f7e88c38	20140108	1	900000000000207008	72a6d19f-7ce9-4da2-b97c-f5bc25f9c16b	9454009	2	405813007	900000000000010007	900000000000451002
da5e80e0-4113-485a-9c7d-19d10358eb11	20140108	1	900000000000207008	72a6d19f-7ce9-4da2-b97c-f5bc25f9c16b	257885003	2	260686004	900000000000010007	900000000000451002
e206f8a2-fe44-4c24-ab8a-0b8c561678be	20140108	1	900000000000207008	72a6d19f-7ce9-4da2-b97c-f5bc25f9c16b	103388001	2	260507000	900000000000010007	900000000000451002
f5d656c3-97f0-510d-9bfd-9ebfba01bfd4	20140108	1	900000000000207008	e0099fa0-02b0-4ba7-861e-961af3aba85b	71388002	0	116680003	900000000000010007	900000000000451002
0e7e12b9-7578-43ad-a936-1112b3c32503	20140108	1	900000000000207008	e0099fa0-02b0-4ba7-861e-961af3aba85b	429892002	1	363703001	900000000000010007	900000000000451002
dbf03c4e-151b-43c8-8443-b3b3788739fd	20140108	1	900000000000207008	e0099fa0-02b0-4ba7-861e-961af3aba85b	312275004	1	260686004	900000000000010007	900000000000451002
70f5cc8a-84b6-4244-9441-9c6bfe5643e7	20140108	1	900000000000207008	e0099fa0-02b0-4ba7-861e-961af3aba85b	36765005	1	405813007	900000000000010007	900000000000451002
9385f85f-8444-4765-af27-65693edebcdb	20140108	1	900000000000207008	e0099fa0-02b0-4ba7-861e-961af3aba85b	303779005	2	424226004	900000000000010007	900000000000451002
3856aab8-ec9b-4d48-a40a-31ec9dbe781e	20140108	1	900000000000207008	e0099fa0-02b0-4ba7-861e-961af3aba85b	36765005	2	405813007	900000000000010007	900000000000451002
282f9e83-3508-4539-94af-472e6696474c	20140108	1	900000000000207008	e0099fa0-02b0-4ba7-861e-961af3aba85b	257885003	2	260686004	900000000000010007	900000000000451002
61d41442-4aba-4f5f-95bd-e369232c4dc7	20140108	1	900000000000207008	e0099fa0-02b0-4ba7-861e-961af3aba85b	103388001	2	260507000	900000000000010007	900000000000451002
b027549b-3417-5103-abfe-0f00a57aa521	20140108	1	900000000000207008	356304a2-6e4c-469a-84c6-ab4c0b9494d7	426241002	0	116680003	900000000000010007	900000000000451002
3b2e89a8-4a89-475c-8ab7-ea534b4c3413	20140108	1	900000000000207008	356304a2-6e4c-469a-84c6-ab4c0b9494d7	399035005	1	260686004	900000000000010007	900000000000451002
5fd274ff-e7f7-4cb5-abcd-d2fe670076b8	20140108	1	900000000000207008	356304a2-6e4c-469a-84c6-ab4c0b9494d7	392012008	1	424226004	900000000000010007	900000000000451002
075e563e-1629-4709-a9bc-da85d196c11a	20140108	1	900000000000207008	356304a2-6e4c-469a-84c6-ab4c0b9494d7	5665001	1	405813007	900000000000010007	900000000000451002
0a9c0d8a-0763-570d-adb1-490b32b17298	20140108	1	900000000000207008	277582a7-c780-416f-b03b-c63a8a22ed4c	119897005	0	116680003	900000000000010007	900000000000451002
eb6c0267-7f10-4c1f-8e94-59e45c7dc5f9	20140108	1	900000000000207008	277582a7-c780-416f-b03b-c63a8a22ed4c	53505006	1	405814001	900000000000010007	900000000000451002
e14179d0-eb70-444b-ab7d-086c282dd510	20140108	1	900000000000207008	277582a7-c780-416f-b03b-c63a8a22ed4c	444784005	1	363699004	900000000000010007	900000000000451002
e49536ac-79f8-46d2-9268-c5dab9a45837	20140108	1	900000000000207008	277582a7-c780-416f-b03b-c63a8a22ed4c	257867005	1	260686004	900000000000010007	900000000000451002
8b8efa7c-86b6-5bf2-80b9-845d5a65dfe8	20140108	1	900000000000207008	397e0d39-546c-4e29-9496-406625515c0d	392033004	0	116680003	900000000000010007	900000000000451002
34e4072d-341e-45fe-a2ed-53ba421b89ad	20140108	1	900000000000207008	397e0d39-546c-4e29-9496-406625515c0d	129304002	1	260686004	900000000000010007	900000000000451002
6f83cc3f-8617-4b6e-b57d-1f1a4740d998	20140108	1	900000000000207008	397e0d39-546c-4e29-9496-406625515c0d	80400009	1	363700003	900000000000010007	900000000000451002
ebaf110e-c619-4e33-ac97-703c684c491c	20140108	1	900000000000207008	397e0d39-546c-4e29-9496-406625515c0d	10642009	1	405813007	900000000000010007	900000000000451002
cdae74e5-e43d-54be-b24f-f50f422f1853	20140108	1	900000000000207008	2be1c12d-2821-43a1-b3dc-1e4856a904da	387617009	0	116680003	900000000000010007	900000000000451002
8852b4bf-0d22-41ef-b543-ec5999e54b03	20140108	1	900000000000207008	2be1c12d-2821-43a1-b3dc-1e4856a904da	245499003	1	405814001	900000000000010007	900000000000451002
3a859a90-1eac-420d-aa3d-fc57f7ac78b1	20140108	1	900000000000207008	2be1c12d-2821-43a1-b3dc-1e4856a904da	256858001	1	363701004	900000000000010007	900000000000451002
abb2d563-5bf1-4eda-b462-6973c2730ca2	20140108	1	900000000000207008	2be1c12d-2821-43a1-b3dc-1e4856a904da	129316008	1	260686004	900000000000010007	900000000000451002
fc99fc46-6a6a-5729-b669-fdf0b6ba59dd	20140108	1	900000000000207008	8708818e-8a98-4ac5-b032-7b049cb7a0ea	35646002	0	116680003	900000000000010007	900000000000451002
ac905cc5-7598-42ed-9705-bf57cb18e160	20140108	1	900000000000207008	8708818e-8a98-4ac5-b032-7b049cb7a0ea	39937001	1	405813007	900000000000010007	900000000000451002
bd57b010-46d5-472c-a4bd-612cbbfe3f27	20140108	1	900000000000207008	8708818e-8a98-4ac5-b032-7b049cb7a0ea	72079004	1	363700003	900000000000010007	900000000000451002
584984d3-24a5-4d3c-9e47-8bcdc17b320f	20140108	1	900000000000207008	8708818e-8a98-4ac5-b032-7b049cb7a0ea	129304002	1	260686004	900000000000010007	900000000000451002
3b004f72-c31b-557b-928c-8a3e23850c5a	20140108	1	900000000000207008	9d8c93ba-38b3-43cf-9f45-73988cf31cfa	201038005	0	116680003	900000000000010007	900000000000451002
63f83067-0b56-599c-b4d2-44446e835279	20140108	1	900000000000207008	c9cfaa44-5cc7-4310-8768-be08916b0299	60168000	0	116680003	900000000000010007	900000000000451002
196940ff-1865-48db-8e3a-76a569058b3e	20140108	1	900000000000207008	c9cfaa44-5cc7-4310-8768-be08916b0299	23583003	1	116676008	900000000000010007	900000000000451002
51a34ea0-d64d-4d99-84bc-6eb631bf9355	20140108	1	900000000000207008	c9cfaa44-5cc7-4310-8768-be08916b0299	33696004	1	363698007	900000000000010007	900000000000451002
ec18bf33-1139-5556-afd7-7ca19a0d7aec	20140108	1	900000000000207008	69904ef1-aa27-4772-ae3a-5cf99887ef8b	359554008	0	116680003	900000000000010007	900000000000451002
e4806813-f641-4e6e-b75d-2c2d60015652	20140108	1	900000000000207008	69904ef1-aa27-4772-ae3a-5cf99887ef8b	70258002	1	363698007	900000000000010007	900000000000451002
84bfc8e2-f22f-4b56-ad11-b232b1f89b3f	20140108	1	900000000000207008	69904ef1-aa27-4772-ae3a-5cf99887ef8b	23583003	1	116676008	900000000000010007	900000000000451002
b8ac042c-79dc-5c81-88d8-62ee9f41fb0f	20140109	1	900000000000207008	d925d780-0bdd-4263-bb8d-ed65ee288b6a	440419004	0	116680003	900000000000010007	900000000000451002
a33ecf77-8bd4-4645-b414-eaece253434a	20140109	1	900000000000207008	d925d780-0bdd-4263-bb8d-ed65ee288b6a	126064005	0	47429007	900000000000010007	900000000000451002
99ac5e18-ccbf-4883-8a39-1cc512a37711	20140109	1	900000000000207008	d925d780-0bdd-4263-bb8d-ed65ee288b6a	69695003	0	363698007	900000000000010007	900000000000451002
6abe076e-f4fa-43b2-9d28-399530469cea	20140109	1	900000000000207008	bf3bb952-3d5d-4fe3-ab34-83dc84201aad	115983005	0	363698007	900000000000010007	900000000000451002
6578c3cd-10aa-4a56-9e74-102f9c98c895	20140109	1	900000000000207008	bf3bb952-3d5d-4fe3-ab34-83dc84201aad	609621000	0	116680003	900000000000010007	900000000000451002
d6f52e60-65ad-54a9-9f3c-08f512a5a5cd	20140109	1	900000000000207008	744623f0-882d-43e9-bb4c-31032f9c3250	81256000	0	116680003	900000000000010007	900000000000451002
f4e10ff2-f2c8-5678-9e1b-58629c1a80b0	20140109	1	900000000000207008	0539f2cb-a3b4-450a-ab82-9503d6ba8b85	609621000	0	116680003	900000000000010007	900000000000451002
8f6cd4c5-5704-464b-b665-9516b7735dff	20140109	1	900000000000207008	0539f2cb-a3b4-450a-ab82-9503d6ba8b85	115984004	0	363698007	900000000000010007	900000000000451002
37f354c2-be6c-5659-9bb8-c8279bceac4f	20140109	1	900000000000207008	ff96c370-aafb-46fd-844c-f816f965367c	238932004	0	116680003	900000000000010007	900000000000451002
f9386cb0-3c0e-4254-a7b4-a3b8c7560279	20140109	1	900000000000207008	ff96c370-aafb-46fd-844c-f816f965367c	312716006	0	363698007	900000000000010007	900000000000451002
e73734b7-c80c-5c86-b6d4-3149b79d50a1	20140109	1	900000000000207008	68317d76-7f52-44f2-85cb-029b4277e505	114086007	0	116680003	900000000000010007	900000000000451002
3e8bb548-4bcf-5339-ba07-800cf8e8d44b	20140109	1	900000000000207008	eb09901e-cdf2-4ed5-b138-8216e36f1627	114086007	0	116680003	900000000000010007	900000000000451002
bda7ff85-9841-5d7b-afd2-f0a0c9cae9fb	20140109	1	900000000000207008	ab1081a0-de06-4364-bd52-a93f1309ef9d	114086007	0	116680003	900000000000010007	900000000000451002
fd51fbd3-0d7d-5d24-80c6-4cbf57db403d	20140109	1	900000000000207008	e6a1e4d7-78cf-4924-967a-605ec606570d	409831003	0	116680003	900000000000010007	900000000000451002
e42b8fff-f4bf-508b-8625-726226a5627f	20140109	1	900000000000207008	a3c76b77-998a-47b9-a823-ed00a8acd2b2	409831003	0	116680003	900000000000010007	900000000000451002
0e3de0f2-e009-5b8a-8fb4-94603bc4a739	20140109	1	900000000000207008	792e3195-abf3-4036-af21-b2853b5abd5f	409831003	0	116680003	900000000000010007	900000000000451002
0d31f9c6-9ef7-50af-ae54-211bb27be0d6	20140109	1	900000000000207008	2bc06f29-2285-4738-8af9-5d9270fa1036	57032008	0	116680003	900000000000010007	900000000000451002
dc7d4ee7-e6a3-5bd5-b21d-7c6fae5ce613	20140109	1	900000000000207008	7c3da627-7de0-465d-930b-b72606c9db8e	57032008	0	116680003	900000000000010007	900000000000451002
8f8ac165-39b7-59a5-b6c0-5074f6a7e10e	20140109	1	900000000000207008	4f8eae45-fd87-4deb-a418-8b7275ae46e8	57032008	0	116680003	900000000000010007	900000000000451002
8a16f84b-31c5-52dd-bc43-6a9fe92c22d1	20140109	1	900000000000207008	d091700b-b073-4f06-bc04-b5ce842a89fa	57032008	0	116680003	900000000000010007	900000000000451002
5277c470-46d4-5e59-9b79-eecfd8f4743e	20140109	1	900000000000207008	f4b61d62-1365-4197-99a7-0334c1f6d3b9	57032008	0	116680003	900000000000010007	900000000000451002
9b0da919-fc5c-5034-84f0-5c75ec725fc7	20140109	1	900000000000207008	67782691-ab36-4e22-9000-23fd8427f5d0	235719002	0	116680003	900000000000010007	900000000000451002
5f4b2748-47c6-425f-b283-cdebcbf689b4	20140109	1	900000000000207008	67782691-ab36-4e22-9000-23fd8427f5d0	70813002	0	246075003	900000000000010007	900000000000451002
fe84cfde-cae6-52b9-8651-fd51a4982a4c	20140109	1	900000000000207008	84377ae9-fc40-4f85-ab48-28bbf61dd25c	235719002	0	116680003	900000000000010007	900000000000451002
6d005909-87c9-4f84-bc8a-791c7eb334d5	20140109	1	900000000000207008	84377ae9-fc40-4f85-ab48-28bbf61dd25c	412071004	0	246075003	900000000000010007	900000000000451002
452fd3b3-b105-5b6c-91d2-4924fea1aee8	20140109	1	900000000000207008	f56405cc-c2ee-4365-b954-a3f6195b5d19	399908004	0	116680003	900000000000010007	900000000000451002
b2453c65-2751-41aa-a364-266ddf756148	20140109	1	900000000000207008	441495ad-9cac-4fe2-b8b0-1f3ffe6bfb6c	72704001	1	116676008	900000000000010007	900000000000451002
51200977-c33a-4afb-b6a1-a77545e13b88	20140109	1	900000000000207008	441495ad-9cac-4fe2-b8b0-1f3ffe6bfb6c	29836001	1	363698007	900000000000010007	900000000000451002
8f790dbd-2768-4d35-847a-d8185e3b0781	20140109	1	900000000000207008	441495ad-9cac-4fe2-b8b0-1f3ffe6bfb6c	125605004	0	116680003	900000000000010007	900000000000451002
2c7335b7-01cd-4145-bfb2-ef77977e48b3	20140109	1	900000000000207008	295131000119103	44132006	1	116676008	900000000000010007	900000000000451002
293808f8-c748-42ef-9281-76cfb502537f	20140109	1	900000000000207008	295131000119103	425250005	1	363698007	900000000000010007	900000000000451002
4af78fd7-5270-4bcc-8d1a-81fbcda9dc75	20140109	1	900000000000207008	295131000119103	64572001	0	116680003	900000000000010007	900000000000451002
fe4d27d1-2aed-5a7a-996e-9e16fa4dabe6	20140109	1	900000000000207008	3961000119101	19410003	0	116680003	900000000000010007	900000000000451002
25669564-88ea-52d1-a970-c788745b6606	20140110	1	900000000000207008	42c33b20-d089-43b2-aadf-f55857ce5872	119270007	0	116680003	900000000000010007	900000000000451002
1c88481c-02e1-4658-847c-4b2eec8afd42	20140110	1	900000000000207008	42c33b20-d089-43b2-aadf-f55857ce5872	235452007	0	363702006	900000000000010007	900000000000451002
a158f9f0-ed7b-5926-acac-d3b390c4d213	20140110	1	900000000000207008	a3d6cfa3-8b04-429d-ba6a-f4a1279567b2	408958003	0	116680003	900000000000010007	900000000000451002
dbc4e6bf-276b-4fce-b2c3-2e60bb761ec7	20140110	1	900000000000207008	a3d6cfa3-8b04-429d-ba6a-f4a1279567b2	429070000	0	363702006	900000000000010007	900000000000451002
acd6c673-0ba2-5c22-a011-fb79f7f43a19	20140110	1	900000000000207008	8a89a12f-d759-4187-9ec4-404272555e28	432703003	0	116680003	900000000000010007	900000000000451002
883f1d94-a1e0-516c-ae58-a8fbe28bf476	20140110	1	900000000000207008	db38fc39-92f5-4316-b353-2f5a5f8fccc0	433106006	0	116680003	900000000000010007	900000000000451002
90c8d084-76f9-443c-be48-3f60c31df3c6	20140110	1	900000000000207008	db38fc39-92f5-4316-b353-2f5a5f8fccc0	429892002	1	363703001	900000000000010007	900000000000451002
e5ef1252-78e0-4afc-8a53-a343372ea099	20140110	1	900000000000207008	db38fc39-92f5-4316-b353-2f5a5f8fccc0	312275004	1	260686004	900000000000010007	900000000000451002
18afc151-69e3-43ff-920f-36c8cf5e82f6	20140110	1	900000000000207008	db38fc39-92f5-4316-b353-2f5a5f8fccc0	122972007	1	405813007	900000000000010007	900000000000451002
bccd0297-a35d-4a6f-b26b-2d7aa9fd442f	20140110	1	900000000000207008	db38fc39-92f5-4316-b353-2f5a5f8fccc0	122972007	2	405813007	900000000000010007	900000000000451002
6e5c2dc1-df6e-4cf2-94e2-2efefe68e64d	20140110	1	900000000000207008	db38fc39-92f5-4316-b353-2f5a5f8fccc0	310362005	2	424226004	900000000000010007	900000000000451002
b8579156-22f8-4882-8178-9e30bb642c32	20140110	1	900000000000207008	db38fc39-92f5-4316-b353-2f5a5f8fccc0	103388001	2	260507000	900000000000010007	900000000000451002
f2356b15-e7df-4edc-a2f8-d2cd1060657e	20140110	1	900000000000207008	db38fc39-92f5-4316-b353-2f5a5f8fccc0	410817004	2	260686004	900000000000010007	900000000000451002
2f445987-7876-579f-bd22-77274cc08bce	20140110	1	900000000000207008	255a38e7-ed05-4ff9-893e-7e5694fd1dca	41769001	0	116680003	900000000000010007	900000000000451002
569484a0-c93a-475c-be28-fd533a20cf83	20140110	1	900000000000207008	255a38e7-ed05-4ff9-893e-7e5694fd1dca	415684004	1	408729009	900000000000010007	900000000000451002
f432d897-9bf2-4b11-acb2-69645edd803b	20140110	1	900000000000207008	255a38e7-ed05-4ff9-893e-7e5694fd1dca	410604004	1	408732007	900000000000010007	900000000000451002
b80cb81c-a9fb-4350-a803-d0eb5565b41e	20140110	1	900000000000207008	255a38e7-ed05-4ff9-893e-7e5694fd1dca	410512000	1	408731000	900000000000010007	900000000000451002
e67f016b-f733-435f-98b6-039cae4a3de4	20140110	1	900000000000207008	255a38e7-ed05-4ff9-893e-7e5694fd1dca	32895009	1	246090004	900000000000010007	900000000000451002
65a397a2-5b67-5ff1-8abd-31f891681f99	20140110	1	900000000000207008	75f5c933-c4e8-4017-831a-028d82f981f2	169413002	0	116680003	900000000000010007	900000000000451002
d7ac5ea4-73c8-4ede-bafd-51a34dcc85c7	20140110	1	900000000000207008	75f5c933-c4e8-4017-831a-028d82f981f2	373752003	1	363701004	900000000000010007	900000000000451002
8addad3e-39d2-4d95-ba41-c58bd1842ff6	20140110	1	900000000000207008	75f5c933-c4e8-4017-831a-028d82f981f2	129445006	1	260686004	900000000000010007	900000000000451002
43a97a23-3f89-5627-868e-8bd4918d06d8	20140110	1	900000000000207008	b74274ef-5f2a-41ea-9937-64a435a835f7	119270007	0	116680003	900000000000010007	900000000000451002
34ff5a83-13ce-4a25-b290-434954d6a23f	20140110	1	900000000000207008	b74274ef-5f2a-41ea-9937-64a435a835f7	24526004	0	363702006	900000000000010007	900000000000451002
a04b9a4d-094c-524a-b48a-793bddbb6925	20140110	1	900000000000207008	8f1eb70e-7de3-4777-a7e8-8fe6f51f8769	416608005	0	116680003	900000000000010007	900000000000451002
c5a592ba-34fe-4e8a-9d4e-c9c6337118db	20140110	1	900000000000207008	8f1eb70e-7de3-4777-a7e8-8fe6f51f8769	129445006	1	260686004	900000000000010007	900000000000451002
669a966f-3998-4895-b535-153a75cb506e	20140110	1	900000000000207008	8f1eb70e-7de3-4777-a7e8-8fe6f51f8769	395926009	1	363701004	900000000000010007	900000000000451002
6029be4f-66cb-5c4b-8207-ba7a1d496aff	20140110	1	900000000000207008	3a31c683-4654-41a0-9ded-e23ddcf3f293	416608005	0	116680003	900000000000010007	900000000000451002
05497843-80bd-4d06-b6b5-55ae5d483c8b	20140110	1	900000000000207008	3a31c683-4654-41a0-9ded-e23ddcf3f293	420936009	1	363701004	900000000000010007	900000000000451002
c133c13f-f2fe-48ed-874c-8444a8ffa8ed	20140110	1	900000000000207008	3a31c683-4654-41a0-9ded-e23ddcf3f293	129445006	1	260686004	900000000000010007	900000000000451002
5c7e447f-d830-5157-94da-bbd368247a24	20140110	1	900000000000207008	8a318ef4-b397-4001-809d-d259f13d3ff2	71275003	0	116680003	900000000000010007	900000000000451002
f75e2e34-a33a-5274-998e-47d46146039c	20140110	1	900000000000207008	3dead3ff-25f1-4902-9f52-28a0a64d24c3	182929008	0	116680003	900000000000010007	900000000000451002
d4552f19-bd87-4e31-8717-b262e18eb11e	20140110	1	900000000000207008	3dead3ff-25f1-4902-9f52-28a0a64d24c3	129445006	1	260686004	900000000000010007	900000000000451002
5e4049b0-b34e-4d3e-aee0-bbeb3ad6637c	20140110	1	900000000000207008	3dead3ff-25f1-4902-9f52-28a0a64d24c3	372907000	1	363701004	900000000000010007	900000000000451002
264aa45b-7a51-5647-bc9b-d4cd84fc2a81	20140110	1	900000000000207008	20521cfe-a827-4adb-8fc2-62d0130c2cb7	71275003	0	116680003	900000000000010007	900000000000451002
3543382f-33a1-406d-abaf-dbd1193b8df3	20140110	1	900000000000207008	f807e5ed-cb6b-41ed-af6b-c4ad077d4d1d	410512000	1	408731000	900000000000010007	900000000000451002
3127d011-e64d-4ec1-aaa6-6a0661246219	20140110	1	900000000000207008	f807e5ed-cb6b-41ed-af6b-c4ad077d4d1d	3dead3ff-25f1-4902-9f52-28a0a64d24c3	1	363589002	900000000000010007	900000000000451002
538bb510-4414-4100-bfb4-5e8f80d80d4d	20140110	1	900000000000207008	f807e5ed-cb6b-41ed-af6b-c4ad077d4d1d	410604004	1	408732007	900000000000010007	900000000000451002
97d0c6fb-44a2-46d1-964f-2b988c7415de	20140110	1	900000000000207008	f807e5ed-cb6b-41ed-af6b-c4ad077d4d1d	385655000	1	408730004	900000000000010007	900000000000451002
808b5ae8-b890-4b65-af7b-c053ea89a454	20140110	1	900000000000207008	f807e5ed-cb6b-41ed-af6b-c4ad077d4d1d	129125009	0	116680003	900000000000010007	900000000000451002
046dbae5-07a0-5028-a162-5fa8fdcd92a3	20140110	1	900000000000207008	2345b956-2a1f-48b8-814f-2d685c037b2b	71275003	0	116680003	900000000000010007	900000000000451002
042a384b-8c96-5b55-86a8-9d2b632dcf07	20140110	1	900000000000207008	0a0e5b1f-65e6-455d-8ac8-6964348ff816	71275003	0	116680003	900000000000010007	900000000000451002
7c592d4b-b294-525e-9312-e59911f72ecc	20140110	1	900000000000207008	166631000119101	90392009	0	116680003	900000000000010007	900000000000451002
eecd3b1e-7d37-437a-87b5-7dc7c8389bd6	20140113	1	900000000000207008	94882f03-42f9-43a5-9bbb-00aa06bb5e92	445248005	0	116680003	900000000000010007	900000000000451002
17cf5210-0c93-5e8e-bc18-48e2b663ff5d	20140113	1	900000000000207008	60b346f7-ad17-4759-8900-630bfaaf45b9	273249006	0	116680003	900000000000010007	900000000000451002
993c8a00-a36d-5cf5-8fcf-40ffa540979f	20140113	1	900000000000207008	2ddb761f-ea50-48f4-92d6-49634aa6d459	363870007	0	116680003	900000000000010007	900000000000451002
54f81398-5709-535e-b928-64a6f578d59c	20140113	1	900000000000207008	980200e1-318f-41fb-b3d9-b24b07c06f71	445536008	0	116680003	900000000000010007	900000000000451002
ea10b16a-f673-5fb7-83c2-cdd049d48f85	20140113	1	900000000000207008	2c426c49-9b20-453c-8c84-b00810f6a54f	273249006	0	116680003	900000000000010007	900000000000451002
e21cc1b0-7c61-5b2e-a1cc-9408775e7e9e	20140113	1	900000000000207008	42ea1526-3f6a-410d-980b-e4566450f3af	445536008	0	116680003	900000000000010007	900000000000451002
a1c9da8a-6b81-53a6-9e6b-014f454e3119	20140113	1	900000000000207008	e0cd7a74-c119-42aa-bf27-0a5bd400195c	363788007	0	116680003	900000000000010007	900000000000451002
3d4fb3df-725b-54ce-b7cb-3937dd8240b3	20140113	1	900000000000207008	14affbdc-21ad-44d8-9233-f30f302f8e19	272373007	0	116680003	900000000000010007	900000000000451002
d6361b58-a9ff-5b6a-ac36-9c469b4a5f51	20140113	1	900000000000207008	819630f4-555a-4a65-bf64-b7dc50a245a1	229835000	0	116680003	900000000000010007	900000000000451002
ec65100c-3398-453d-bc46-f89e8ed821c8	20140113	1	900000000000207008	819630f4-555a-4a65-bf64-b7dc50a245a1	360315000	1	260686004	900000000000010007	900000000000451002
3c3f6444-570d-4fa8-8205-71ce4662e6e0	20140113	1	900000000000207008	819630f4-555a-4a65-bf64-b7dc50a245a1	76578001	1	405813007	900000000000010007	900000000000451002
f720957e-7a02-53e0-abda-7493906e5e9d	20140113	1	900000000000207008	d0d6a970-8ba5-4cc7-94ec-4d9df19e6dc7	272365003	0	116680003	900000000000010007	900000000000451002
191dec35-be44-5844-a879-707216ef7d5c	20140113	1	900000000000207008	5f0aabd6-4ab0-4d6b-844c-2cd92f53ce1d	272365003	0	116680003	900000000000010007	900000000000451002
86c7f1c8-bd1a-519b-8264-01a0b54c3591	20140113	1	900000000000207008	52e954d7-071a-4aa2-ad3a-b32237a02a75	272365003	0	116680003	900000000000010007	900000000000451002
4f2bc1f7-265a-5e7b-ad84-83c0473f2904	20140113	1	900000000000207008	677b0f42-1dab-4561-9453-9017e059b9ee	306128002	0	116680003	900000000000010007	900000000000451002
29c12b20-a8a4-502c-9031-8982e5853bfb	20140113	1	900000000000207008	8e2aeb5e-9691-455a-bcc6-f39199b5116a	16349000	0	116680003	900000000000010007	900000000000451002
334e5c8a-ab2c-5f7d-8d4b-9b526fbcf9d2	20140113	1	900000000000207008	a1140a90-2614-4ca5-abaa-f0cd4467cf95	248858001	0	116680003	900000000000010007	900000000000451002
f6239eb0-2485-4963-be06-9580f416e3ff	20140113	1	900000000000207008	a1140a90-2614-4ca5-abaa-f0cd4467cf95	1806006	1	116676008	900000000000010007	900000000000451002
526333b5-965f-40e2-8ccb-9e9f5942daf8	20140113	1	900000000000207008	a1140a90-2614-4ca5-abaa-f0cd4467cf95	19938000	1	363698007	900000000000010007	900000000000451002
926547c3-a0bd-5a25-a524-92bc576e408d	20140113	1	900000000000207008	fa24c5b4-1bc5-42b0-afbe-e0d582357978	364644000	0	116680003	900000000000010007	900000000000451002
98fd3406-2fd4-593c-ba9b-9862434a115e	20140113	1	900000000000207008	d3934e8f-bb9c-48da-975a-118ed511b0e1	363788007	0	116680003	900000000000010007	900000000000451002
866da127-6db1-5009-9b39-59c10d3a443e	20140113	1	900000000000207008	8cb2c15f-5498-41c2-951e-cc3445a1c2ae	273249006	0	116680003	900000000000010007	900000000000451002
0c3ab364-68eb-572d-a212-69d176986ae4	20140113	1	900000000000207008	5b951559-5be6-42cd-b419-ff71c2e7d226	445536008	0	116680003	900000000000010007	900000000000451002
dcab59c3-7a68-54e6-b7b6-26635b5f0a66	20140113	1	900000000000207008	00d07836-66c5-46e7-a3f1-a71e531b7bd2	397578001	0	116680003	900000000000010007	900000000000451002
07f2cdf2-58c9-4206-8ed5-800447a38639	20140113	1	900000000000207008	00d07836-66c5-46e7-a3f1-a71e531b7bd2	35764002	0	363698007	900000000000010007	900000000000451002
2cbf2c30-81f4-4f05-a516-1370062b122f	20140113	1	900000000000207008	00d07836-66c5-46e7-a3f1-a71e531b7bd2	257354000	0	47429007	900000000000010007	900000000000451002
d7258a57-bb43-464e-90da-41bd4d64d09c	20140113	1	900000000000207008	00d07836-66c5-46e7-a3f1-a71e531b7bd2	83670000	0	363698007	900000000000010007	900000000000451002
d384972c-5b63-5f72-a7b6-4c246a73b31b	20140113	1	900000000000207008	a15c0fd6-107b-459a-a20d-14cd79d7eefb	119270007	0	116680003	900000000000010007	900000000000451002
3f2231c0-660f-49ac-8a75-0eafc9098c1f	20140113	1	900000000000207008	a15c0fd6-107b-459a-a20d-14cd79d7eefb	392003006	0	363702006	900000000000010007	900000000000451002
131d10ca-9d53-514d-935b-e15fe61aec4f	20140113	1	900000000000207008	09bc270b-1c56-4f48-9a58-506b752150ac	119270007	0	116680003	900000000000010007	900000000000451002
9e33c4d4-f0d8-4b6f-9b05-43be96a83072	20140113	1	900000000000207008	09bc270b-1c56-4f48-9a58-506b752150ac	10847001	0	363702006	900000000000010007	900000000000451002
4aba8461-a83e-579c-b7d3-ce07e6168793	20140113	1	900000000000207008	6e10c12e-4068-4c4d-8f21-496a2513b1c9	119270007	0	116680003	900000000000010007	900000000000451002
d1a0fe05-6044-45f2-89f0-11ae1bba6759	20140113	1	900000000000207008	6e10c12e-4068-4c4d-8f21-496a2513b1c9	233545006	0	363702006	900000000000010007	900000000000451002
d403c4f9-46ab-5440-8d48-b5b021c70168	20140113	1	900000000000207008	18198015-24f7-41dc-858a-3ec0e8e4a939	119270007	0	116680003	900000000000010007	900000000000451002
d9962f6c-243c-4460-bc64-7bfb634bfa8f	20140113	1	900000000000207008	18198015-24f7-41dc-858a-3ec0e8e4a939	24139008	0	363702006	900000000000010007	900000000000451002
0062d7bc-8a73-59f3-851b-d3700c95fbca	20140113	1	900000000000207008	a8cadc71-5c2a-4cdc-96ae-860b8560fa28	119270007	0	116680003	900000000000010007	900000000000451002
293ca067-3942-4206-8179-aabf4b7a8587	20140113	1	900000000000207008	a8cadc71-5c2a-4cdc-96ae-860b8560fa28	76009000	0	363702006	900000000000010007	900000000000451002
385995e6-ddac-5718-83c0-75b1636b5822	20140113	1	900000000000207008	c5001ac1-fa87-42a3-befe-bbbadec0b9a7	119270007	0	116680003	900000000000010007	900000000000451002
8755fad6-bcb8-4143-b745-e8671ccef00b	20140113	1	900000000000207008	c5001ac1-fa87-42a3-befe-bbbadec0b9a7	69201005	0	363702006	900000000000010007	900000000000451002
9021a509-d405-5b6e-bb65-dd9b6f8a2dd4	20140113	1	900000000000207008	0c19ab00-8e63-41b3-8e4c-88cf31ce51f3	416608005	0	116680003	900000000000010007	900000000000451002
3bb19c51-1276-46cd-8874-d7ba3eb4475f	20140113	1	900000000000207008	0c19ab00-8e63-41b3-8e4c-88cf31ce51f3	129445006	1	260686004	900000000000010007	900000000000451002
958c2026-e64d-464a-ae6b-4803ea4b498e	20140113	1	900000000000207008	0c19ab00-8e63-41b3-8e4c-88cf31ce51f3	446321003	1	363701004	900000000000010007	900000000000451002
f07f321f-7ae5-534d-b360-1b2f7827fff4	20140113	1	900000000000207008	d7c60c97-1a91-4f74-afd7-6d7113e9c3ce	273249006	0	116680003	900000000000010007	900000000000451002
4fd0ce1d-32f1-51d0-a625-3ff6ccb0203b	20140113	1	900000000000207008	32a47cef-15fe-43c9-b1ad-576d2d0db160	445536008	0	116680003	900000000000010007	900000000000451002
9998e2eb-a873-525e-9f2e-55d8a372bd2e	20140113	1	900000000000207008	cfa74d4c-5bc5-483d-a8d1-60e7e1d922eb	364528001	0	116680003	900000000000010007	900000000000451002
f9874b88-5484-56c0-9f4d-7ace766a6409	20140113	1	900000000000207008	489bd706-32c6-4f39-a5d2-696e2ce7391e	443508001	0	116680003	900000000000010007	900000000000451002
79225e63-e0ab-4ad1-978f-b26adc96f72f	20140113	1	900000000000207008	489bd706-32c6-4f39-a5d2-696e2ce7391e	410604004	1	408732007	900000000000010007	900000000000451002
42240a36-0442-4963-96a4-464325912d75	20140113	1	900000000000207008	489bd706-32c6-4f39-a5d2-696e2ce7391e	35489007	1	246090004	900000000000010007	900000000000451002
ffafa0ff-38e7-473d-85f8-8005f06ac20f	20140113	1	900000000000207008	489bd706-32c6-4f39-a5d2-696e2ce7391e	410516002	1	408729009	900000000000010007	900000000000451002
3e17d37a-bc95-451a-8d04-fc97b7d6e8fb	20140113	1	900000000000207008	489bd706-32c6-4f39-a5d2-696e2ce7391e	410589000	1	408731000	900000000000010007	900000000000451002
0df21c7a-698b-5210-bc8a-2715c3f68fa2	20140113	1	900000000000207008	fd6660e5-583a-4caf-9bd0-27054aebca7f	443508001	0	116680003	900000000000010007	900000000000451002
cb329444-d77b-4d49-8ed6-579fc57bf7b4	20140113	1	900000000000207008	fd6660e5-583a-4caf-9bd0-27054aebca7f	410604004	1	408732007	900000000000010007	900000000000451002
142d20af-52d9-4eb0-b7bd-97e5dc88ba96	20140113	1	900000000000207008	fd6660e5-583a-4caf-9bd0-27054aebca7f	410589000	1	408731000	900000000000010007	900000000000451002
1a975311-d3a0-4f57-9b72-1e7c2dc202cf	20140113	1	900000000000207008	fd6660e5-583a-4caf-9bd0-27054aebca7f	79883001	1	246090004	900000000000010007	900000000000451002
d5cf1d50-5e73-42b9-9f68-12e120ba9cf8	20140113	1	900000000000207008	fd6660e5-583a-4caf-9bd0-27054aebca7f	410516002	1	408729009	900000000000010007	900000000000451002
d3159ef1-170f-590a-80b1-da6b25097804	20140113	1	900000000000207008	7b2d3fea-96d9-4db4-84b0-71492142e198	443508001	0	116680003	900000000000010007	900000000000451002
321cab70-8c20-4e07-a618-c6c6c8dc86f0	20140113	1	900000000000207008	7b2d3fea-96d9-4db4-84b0-71492142e198	410604004	1	408732007	900000000000010007	900000000000451002
579362c3-6d66-429d-af03-f5e7d542deab	20140113	1	900000000000207008	7b2d3fea-96d9-4db4-84b0-71492142e198	410589000	1	408731000	900000000000010007	900000000000451002
f5750e5b-5e85-44f9-9534-0dfea8b49f4a	20140113	1	900000000000207008	7b2d3fea-96d9-4db4-84b0-71492142e198	34801009	1	246090004	900000000000010007	900000000000451002
4184ee74-a4b7-4290-93da-e6c34b3a8cef	20140113	1	900000000000207008	7b2d3fea-96d9-4db4-84b0-71492142e198	410516002	1	408729009	900000000000010007	900000000000451002
3ae36d34-7464-403a-a608-ad61bd9a394e	20140113	1	900000000000207008	295041000119108	64572001	0	116680003	900000000000010007	900000000000451002
a9bced0d-7352-438f-a8b9-b1a31c184f6c	20140113	1	900000000000207008	295041000119108	344001	1	363698007	900000000000010007	900000000000451002
94cb797a-73f9-4638-b422-073f3f3cceee	20140113	1	900000000000207008	295041000119108	127560004	1	116676008	900000000000010007	900000000000451002
0841f65c-6fbd-47eb-b7f6-76374fc9a5d7	20140113	1	900000000000207008	295051000119105	64572001	0	116680003	900000000000010007	900000000000451002
45d2af35-1129-453e-b625-ecbee06b00cf	20140113	1	900000000000207008	295051000119105	56459004	1	363698007	900000000000010007	900000000000451002
1f52b6d9-8dee-4675-8b87-16c923a0b491	20140113	1	900000000000207008	295051000119105	127560004	1	116676008	900000000000010007	900000000000451002
64285865-ceee-5006-88b2-07c79c2e9a2a	20140113	1	900000000000207008	3a3c6aa3-05ba-4dde-8d0c-e8175bd79cd1	443508001	0	116680003	900000000000010007	900000000000451002
1e2d3fb3-d3da-4035-bbbf-f48677907fc4	20140113	1	900000000000207008	3a3c6aa3-05ba-4dde-8d0c-e8175bd79cd1	410604004	1	408732007	900000000000010007	900000000000451002
502caa53-aaf5-4371-998e-e3bdf4b73bc2	20140113	1	900000000000207008	3a3c6aa3-05ba-4dde-8d0c-e8175bd79cd1	410589000	1	408731000	900000000000010007	900000000000451002
2d70530a-efaf-48e6-85f6-cac1f290e120	20140113	1	900000000000207008	3a3c6aa3-05ba-4dde-8d0c-e8175bd79cd1	254837009	1	246090004	900000000000010007	900000000000451002
bd2c06f5-7878-41a1-a60b-5af9cecae04c	20140113	1	900000000000207008	3a3c6aa3-05ba-4dde-8d0c-e8175bd79cd1	410516002	1	408729009	900000000000010007	900000000000451002
10b6cbf3-9def-586b-8b89-789d1456790b	20140113	1	900000000000207008	78ad4c16-0f24-4e66-b00c-c0e78feee9b2	64572001	0	116680003	900000000000010007	900000000000451002
2d33ce69-9531-4168-8f9e-c7d3a38a88af	20140113	1	900000000000207008	78ad4c16-0f24-4e66-b00c-c0e78feee9b2	23482006	1	116676008	900000000000010007	900000000000451002
17be35c2-b5d8-45a3-a617-80e04ab3a439	20140113	1	900000000000207008	78ad4c16-0f24-4e66-b00c-c0e78feee9b2	31167009	1	363698007	900000000000010007	900000000000451002
78dbd23f-0029-5e33-b7e2-d7037e521bce	20140113	1	900000000000207008	06fc9cc5-faac-4a3d-9f80-2f326eb4df10	36571002	0	116680003	900000000000010007	900000000000451002
f31569ff-3e2a-53ed-95e8-0e8f6da47008	20140113	1	900000000000207008	02ead264-2f38-4e96-8453-1ad279c2fbf1	224456008	0	116680003	900000000000010007	900000000000451002
78f91734-ca24-5866-baeb-8730051b8e38	20140113	1	900000000000207008	139471000119103	413467001	0	116680003	900000000000010007	900000000000451002
bd17895a-29b0-550a-98b2-f0e6aef2e8a6	20140113	1	900000000000207008	139501000119109	413467001	0	116680003	900000000000010007	900000000000451002
9d094462-e126-5493-93d4-3fc91bb651d4	20140113	1	900000000000207008	139451000119107	413467001	0	116680003	900000000000010007	900000000000451002
adf57aa7-640c-5b45-a4de-afe2eb95c205	20140113	1	900000000000207008	139481000119100	413467001	0	116680003	900000000000010007	900000000000451002
8988dba8-7052-56a7-b0b1-9d042c7f0df7	20140113	1	900000000000207008	72791000119108	240138000	0	116680003	900000000000010007	900000000000451002
c5b96d05-fe7f-5a5e-9002-c3c6b9c0ac1d	20140113	1	900000000000207008	28221000119103	68962001	0	116680003	900000000000010007	900000000000451002
53240e74-800b-4cca-97b0-8e09432418f8	20140113	1	900000000000207008	28221000119103	28720001	0	363698007	900000000000010007	900000000000451002
cf228aba-115d-5ada-aa03-d46624c00b41	20140113	1	900000000000207008	551eb70e-5b53-419d-a67a-ca14da0f1758	414916001	0	116680003	900000000000010007	900000000000451002
fd79fa5b-3fc2-48f6-b22b-5a45df59bbd4	20140113	1	900000000000207008	551eb70e-5b53-419d-a67a-ca14da0f1758	66091009	0	116680003	900000000000010007	900000000000451002
ccb1137d-72af-5893-8ff6-c676e8860a39	20140114	1	900000000000207008	a84f9fca-9867-4ca5-b85e-67e54bb2d8b7	232967006	0	116680003	900000000000010007	900000000000451002
3c93422c-9898-556a-bcf2-e679a008211f	20140114	1	900000000000207008	6299cff4-697f-4704-9be0-42f2feccd149	243791004	0	116680003	900000000000010007	900000000000451002
7387231c-6412-4313-8768-f46789a42e5a	20140114	1	900000000000207008	6299cff4-697f-4704-9be0-42f2feccd149	240532009	0	363702006	900000000000010007	900000000000451002
4925d95a-9f7d-5656-a920-c9ecb9b9e3da	20140114	1	900000000000207008	06baacf2-d3e0-42b4-b76a-09e1f6af06b4	248819006	0	116680003	900000000000010007	900000000000451002
660f727c-e880-5711-91e4-4fdd630e1442	20140114	1	900000000000207008	d8552869-d9aa-4ec3-9582-a48f2eede213	308021002	0	116680003	900000000000010007	900000000000451002
15cd0e63-52fd-5c9d-8efc-6e92a6c7ac9f	20140114	1	900000000000207008	0fec7186-ba0a-4583-9d0d-73f63bd4c86a	273249006	0	116680003	900000000000010007	900000000000451002
8a6f05e2-dc1f-5a33-8733-ecc776c2f955	20140114	1	900000000000207008	66407048-9b72-49cf-91a4-209d397a2276	445536008	0	116680003	900000000000010007	900000000000451002
a796216d-1e3f-5ffc-a110-c219766937a2	20140114	1	900000000000207008	7a7e61f7-efe5-4c7a-9450-6ba7e591b24b	364832000	0	116680003	900000000000010007	900000000000451002
432d0d0f-274f-5666-a1ef-6993052c3604	20140114	1	900000000000207008	e079a0cb-addd-433e-ad56-4fc46ea20a4c	7a7e61f7-efe5-4c7a-9450-6ba7e591b24b	0	116680003	900000000000010007	900000000000451002
355cd503-b4e6-576a-97ef-e0751f20b95c	20140114	1	900000000000207008	deaf9ed2-d3c0-4d0a-85ed-ef9e9e9b064f	7a7e61f7-efe5-4c7a-9450-6ba7e591b24b	0	116680003	900000000000010007	900000000000451002
069eaed6-a777-53db-ba09-75e9af68232f	20140114	1	900000000000207008	f026b484-680d-47ce-adef-a3bd02f9acaf	7a7e61f7-efe5-4c7a-9450-6ba7e591b24b	0	116680003	900000000000010007	900000000000451002
916ece71-4b5d-5e56-ad5d-703419484b65	20140114	1	900000000000207008	698264f6-32bf-43f1-9088-77322978affd	7a7e61f7-efe5-4c7a-9450-6ba7e591b24b	0	116680003	900000000000010007	900000000000451002
c6df3639-0899-5346-8c0b-2fc1c87c9731	20140114	1	900000000000207008	f1c32ea9-c557-4bbe-a48a-bd9b5c7e8cac	7a7e61f7-efe5-4c7a-9450-6ba7e591b24b	0	116680003	900000000000010007	900000000000451002
4f9ebfd7-d7d5-4eba-bfed-89d3bfea782e	20140114	1	900000000000207008	b2b2b8b4-fa14-4b0c-85a9-81c0c24f4c40	226353002	0	116680003	900000000000010007	900000000000451002
50cda39a-9f1b-59e0-afcf-6d947ebe289f	20140114	1	900000000000207008	b875fa07-e8b7-44c6-9d4f-c2dfb54bc13c	430174009	0	116680003	900000000000010007	900000000000451002
443a86ed-a19f-430d-9de5-b094b18b592d	20140114	1	900000000000207008	b875fa07-e8b7-44c6-9d4f-c2dfb54bc13c	260378005	1	363713009	900000000000010007	900000000000451002
32ac904f-c59b-4c0f-afb3-fd3ecbfb98c3	20140114	1	900000000000207008	b875fa07-e8b7-44c6-9d4f-c2dfb54bc13c	b2b2b8b4-fa14-4b0c-85a9-81c0c24f4c40	1	363714003	900000000000010007	900000000000451002
8b80f109-fa50-50fa-80b0-14aacfad7b6a	20140114	1	900000000000207008	5dcf4144-3c4f-4c25-925a-66b52d9ffd6f	284648005	0	116680003	900000000000010007	900000000000451002
074fc689-fca7-45a6-a2ad-d1c0f2a07164	20140114	1	900000000000207008	5dcf4144-3c4f-4c25-925a-66b52d9ffd6f	b2b2b8b4-fa14-4b0c-85a9-81c0c24f4c40	1	363714003	900000000000010007	900000000000451002
4c2ea842-159a-43cd-bd9d-bbd8de6e39ec	20140114	1	900000000000207008	5dcf4144-3c4f-4c25-925a-66b52d9ffd6f	71978007	1	363713009	900000000000010007	900000000000451002
db1badda-b5b8-4433-8594-9cb8a9810742	20140114	1	900000000000207008	55b28ff6-e89d-4d62-8674-9ba836f6ff69	226353002	0	116680003	900000000000010007	900000000000451002
736b1a08-718d-5a1c-9aad-71f7f63fc0f1	20140114	1	900000000000207008	3f133e5a-0c06-4d52-93c4-5f774b280049	284648005	0	116680003	900000000000010007	900000000000451002
9aaaf581-8258-4f56-8722-28a2a3a02ca3	20140114	1	900000000000207008	3f133e5a-0c06-4d52-93c4-5f774b280049	55b28ff6-e89d-4d62-8674-9ba836f6ff69	1	363714003	900000000000010007	900000000000451002
0b4c7be1-3bbe-4b39-8efe-a9afbe045987	20140114	1	900000000000207008	3f133e5a-0c06-4d52-93c4-5f774b280049	260378005	1	363713009	900000000000010007	900000000000451002
41356be8-be57-5639-9a0b-161773ba843d	20140114	1	900000000000207008	eb83c7aa-57c4-4e59-a762-3a4021ac0eca	284648005	0	116680003	900000000000010007	900000000000451002
0c27f15f-be09-4ee6-b6cc-407d7e0cc572	20140114	1	900000000000207008	eb83c7aa-57c4-4e59-a762-3a4021ac0eca	71978007	1	363713009	900000000000010007	900000000000451002
b9c7a8b7-de07-405e-b8fe-f585dfaea268	20140114	1	900000000000207008	eb83c7aa-57c4-4e59-a762-3a4021ac0eca	55b28ff6-e89d-4d62-8674-9ba836f6ff69	1	363714003	900000000000010007	900000000000451002
3f4256b6-d50a-41e3-b4e4-48aaaccf2e69	20140114	1	900000000000207008	98e745dd-9d57-4073-979f-11af61741d98	226353002	0	116680003	900000000000010007	900000000000451002
a8d74fe1-0e66-5bcb-8799-3d59dfe68dd2	20140114	1	900000000000207008	b726e77f-bff2-4caa-b382-70bbf8bd9ee3	284648005	0	116680003	900000000000010007	900000000000451002
f290ce1a-dbf1-4a34-b545-e003e6fea30d	20140114	1	900000000000207008	b726e77f-bff2-4caa-b382-70bbf8bd9ee3	98e745dd-9d57-4073-979f-11af61741d98	1	363714003	900000000000010007	900000000000451002
19959930-9ee7-4d84-93fe-277a278fa88b	20140114	1	900000000000207008	b726e77f-bff2-4caa-b382-70bbf8bd9ee3	260378005	1	363713009	900000000000010007	900000000000451002
f12b11d8-9812-558c-878e-a039feb12748	20140114	1	900000000000207008	0242520a-5ec0-4d9f-ab5e-593b58bcfb49	284648005	0	116680003	900000000000010007	900000000000451002
cdc638f4-91f8-4c0a-84ff-e8ee1501f232	20140114	1	900000000000207008	0242520a-5ec0-4d9f-ab5e-593b58bcfb49	98e745dd-9d57-4073-979f-11af61741d98	1	363714003	900000000000010007	900000000000451002
cc8af7b5-16fb-47e1-87ef-bd8f57574d70	20140114	1	900000000000207008	0242520a-5ec0-4d9f-ab5e-593b58bcfb49	71978007	1	363713009	900000000000010007	900000000000451002
aee53811-aa42-55b2-a1d2-4409572d92bf	20140114	1	900000000000207008	533b6662-8d11-4f43-9ab9-f00d49067261	226353002	0	116680003	900000000000010007	900000000000451002
aef94e3b-28da-5f26-881f-220bcf1fcc62	20140114	1	900000000000207008	ab399565-0e0e-484e-b5ef-3367be74aa4b	284648005	0	116680003	900000000000010007	900000000000451002
2cedb465-0221-417d-a646-685fdbdee191	20140114	1	900000000000207008	ab399565-0e0e-484e-b5ef-3367be74aa4b	533b6662-8d11-4f43-9ab9-f00d49067261	1	363714003	900000000000010007	900000000000451002
08dffadb-78ff-473f-b83e-7113daab4a95	20140114	1	900000000000207008	ab399565-0e0e-484e-b5ef-3367be74aa4b	260378005	1	363713009	900000000000010007	900000000000451002
58c61391-a4eb-59a6-a999-c47d0f0ffaf3	20140114	1	900000000000207008	14800e2a-f3d7-4eee-a541-2c982d2836cf	284648005	0	116680003	900000000000010007	900000000000451002
6f893887-c14e-4d4e-835f-bbbc4401e340	20140114	1	900000000000207008	14800e2a-f3d7-4eee-a541-2c982d2836cf	71978007	1	363713009	900000000000010007	900000000000451002
7373c910-1a03-4ed5-9450-c1d7fbfe8bd8	20140114	1	900000000000207008	14800e2a-f3d7-4eee-a541-2c982d2836cf	533b6662-8d11-4f43-9ab9-f00d49067261	1	363714003	900000000000010007	900000000000451002
0a62b5fa-ca0a-5051-9257-675b4d4d5398	20140114	1	900000000000207008	a3f6a3cd-02c5-4b89-adb3-d151af083ab6	226353002	0	116680003	900000000000010007	900000000000451002
c6e8cd78-627f-5f93-86e9-8aa297d9e88e	20140114	1	900000000000207008	7d2d4e82-c94e-404e-bd42-6bc918f8b3e1	284648005	0	116680003	900000000000010007	900000000000451002
8e8acdeb-e624-49e2-9307-b9153ccf7a5d	20140114	1	900000000000207008	7d2d4e82-c94e-404e-bd42-6bc918f8b3e1	260378005	1	363713009	900000000000010007	900000000000451002
a0278e99-fa2f-4e70-b337-cdda7c20ded8	20140114	1	900000000000207008	7d2d4e82-c94e-404e-bd42-6bc918f8b3e1	a3f6a3cd-02c5-4b89-adb3-d151af083ab6	1	363714003	900000000000010007	900000000000451002
f2aa6dc9-3e2b-58e8-93bc-25f88fd4ee66	20140114	1	900000000000207008	89a8258e-cf3d-44b8-9724-bd7c1b7659c2	284648005	0	116680003	900000000000010007	900000000000451002
351e83ce-354a-4dd3-b926-6e6e1fdcf38b	20140114	1	900000000000207008	89a8258e-cf3d-44b8-9724-bd7c1b7659c2	a3f6a3cd-02c5-4b89-adb3-d151af083ab6	1	363714003	900000000000010007	900000000000451002
c5eafece-572f-4df0-b451-c4d6e71282a8	20140114	1	900000000000207008	89a8258e-cf3d-44b8-9724-bd7c1b7659c2	71978007	1	363713009	900000000000010007	900000000000451002
91c3f277-70ef-5b8b-bead-ec67aa90fb0c	20140114	1	900000000000207008	c1f36bae-37cf-42d4-a064-08c86b60b83b	284648005	0	116680003	900000000000010007	900000000000451002
946455ba-ed11-4abd-a354-5f9602f1748a	20140114	1	900000000000207008	c1f36bae-37cf-42d4-a064-08c86b60b83b	260378005	1	363713009	900000000000010007	900000000000451002
b5e11849-bad0-40f7-89bb-b8c81dee67af	20140114	1	900000000000207008	c1f36bae-37cf-42d4-a064-08c86b60b83b	286615007	1	363714003	900000000000010007	900000000000451002
c33dca58-4dd8-50b5-958c-3963264d0a76	20140114	1	900000000000207008	0a3cd937-ca53-4223-aae9-29d7b10d2077	284648005	0	116680003	900000000000010007	900000000000451002
48ec09ee-afc5-4dfb-b9b9-d4b6be2fc6bd	20140114	1	900000000000207008	0a3cd937-ca53-4223-aae9-29d7b10d2077	286615007	1	363714003	900000000000010007	900000000000451002
3496a699-2409-465f-9cd0-47a18d20f13e	20140114	1	900000000000207008	0a3cd937-ca53-4223-aae9-29d7b10d2077	71978007	1	363713009	900000000000010007	900000000000451002
96f5c078-edf4-5a50-8c5d-e22c6d187429	20140114	1	900000000000207008	bab7a133-3119-47c0-aa1e-293b925b3ebc	226353002	0	116680003	900000000000010007	900000000000451002
1ccd7fba-dd12-513d-a493-f61c8a7acc38	20140114	1	900000000000207008	40f5d5ea-c97e-4b51-bd9f-63c0f19d0a7b	284648005	0	116680003	900000000000010007	900000000000451002
7a9930fe-409b-4302-a856-d5904ef2e4d3	20140114	1	900000000000207008	40f5d5ea-c97e-4b51-bd9f-63c0f19d0a7b	bab7a133-3119-47c0-aa1e-293b925b3ebc	1	363714003	900000000000010007	900000000000451002
2f7a7437-cd82-4702-b5d7-2d33141c2f19	20140114	1	900000000000207008	40f5d5ea-c97e-4b51-bd9f-63c0f19d0a7b	260378005	1	363713009	900000000000010007	900000000000451002
6bebc587-1c4e-5402-8393-2f147bb67f17	20140114	1	900000000000207008	d1ff0b57-b08a-4635-9477-aab415c9d124	284648005	0	116680003	900000000000010007	900000000000451002
20ff9e43-35f1-450c-bf19-644e93135dab	20140114	1	900000000000207008	d1ff0b57-b08a-4635-9477-aab415c9d124	71978007	1	363713009	900000000000010007	900000000000451002
e93e0c73-2825-48c4-a9f4-97ce0560e859	20140114	1	900000000000207008	d1ff0b57-b08a-4635-9477-aab415c9d124	bab7a133-3119-47c0-aa1e-293b925b3ebc	1	363714003	900000000000010007	900000000000451002
4a27a59d-1a5a-5a3c-a7e8-db3c12b3c7cf	20140114	1	900000000000207008	e262423d-6f6e-47cd-8742-0140e7c65ae7	226350004	0	116680003	900000000000010007	900000000000451002
94a7596f-f9fd-5347-9e7a-1356e5490568	20140114	1	900000000000207008	933ec016-2ef2-42e7-ae50-a7fb8cbf9de2	284648005	0	116680003	900000000000010007	900000000000451002
1fa19fbc-7c74-40cf-9223-4fc01c44475a	20140114	1	900000000000207008	933ec016-2ef2-42e7-ae50-a7fb8cbf9de2	e262423d-6f6e-47cd-8742-0140e7c65ae7	1	363714003	900000000000010007	900000000000451002
c16d11f3-165e-4e0e-86e7-2fcee3bc7138	20140114	1	900000000000207008	933ec016-2ef2-42e7-ae50-a7fb8cbf9de2	260378005	1	363713009	900000000000010007	900000000000451002
4dc8be77-3f03-5405-98e8-7efe1fc33354	20140114	1	900000000000207008	1e6a45a7-1bf2-491d-9dc9-c0a1f0887e06	284648005	0	116680003	900000000000010007	900000000000451002
12e7792f-0f1d-4648-96c7-c4ed7ccfa6e4	20140114	1	900000000000207008	1e6a45a7-1bf2-491d-9dc9-c0a1f0887e06	e262423d-6f6e-47cd-8742-0140e7c65ae7	1	363714003	900000000000010007	900000000000451002
369b77d3-b2db-4d2f-b7d9-64d0919e5858	20140114	1	900000000000207008	1e6a45a7-1bf2-491d-9dc9-c0a1f0887e06	71978007	1	363713009	900000000000010007	900000000000451002
057352fd-f1c4-5e16-9599-626a40e67052	20140114	1	900000000000207008	2826f51e-d2e2-4c3e-83f4-f7a8554c15ed	284648005	0	116680003	900000000000010007	900000000000451002
f88642e0-8f8e-48f8-942a-c788ff5729d0	20140114	1	900000000000207008	2826f51e-d2e2-4c3e-83f4-f7a8554c15ed	286600006	1	363714003	900000000000010007	900000000000451002
d7b13452-c748-4570-b9e4-8d15605dc4f7	20140114	1	900000000000207008	2826f51e-d2e2-4c3e-83f4-f7a8554c15ed	260378005	1	363713009	900000000000010007	900000000000451002
7032559d-42e7-5eec-9e62-e0b14212b4cd	20140114	1	900000000000207008	c8a8c56d-d904-430f-a0f8-6f6c82c013fa	308021002	0	116680003	900000000000010007	900000000000451002
93cfbd8c-d1bd-5f06-bde9-5b2195267039	20140114	1	900000000000207008	0bc72bfd-5fbf-40c8-9c8f-f70454b298c3	284648005	0	116680003	900000000000010007	900000000000451002
244d7c00-08bb-40cb-af48-f06d723eee86	20140114	1	900000000000207008	0bc72bfd-5fbf-40c8-9c8f-f70454b298c3	71978007	1	363713009	900000000000010007	900000000000451002
62024a14-5fe1-4ce9-a7a2-aa3e019fe182	20140114	1	900000000000207008	0bc72bfd-5fbf-40c8-9c8f-f70454b298c3	286600006	1	363714003	900000000000010007	900000000000451002
4307b34e-5f57-500b-89ba-ba095268bd59	20140114	1	900000000000207008	09097b6e-d5e1-400e-9589-392b28d12f3c	406119002	0	116680003	900000000000010007	900000000000451002
af66f350-b597-46d4-b463-a149665cde87	20140114	1	900000000000207008	09097b6e-d5e1-400e-9589-392b28d12f3c	76578001	0	363698007	900000000000010007	900000000000451002
4c5c0bf9-98ba-5641-b578-1ef634a7d8c6	20140114	1	900000000000207008	5e04e578-6af2-4cb6-b5d1-6d847dad557d	281666001	0	116680003	900000000000010007	900000000000451002
8e1c49d4-92f7-424c-8d6f-782d78119448	20140114	1	900000000000207008	5e04e578-6af2-4cb6-b5d1-6d847dad557d	410511007	1	408731000	900000000000010007	900000000000451002
2e4aa738-8295-4ec2-b1ca-02f81e79b87a	20140114	1	900000000000207008	5e04e578-6af2-4cb6-b5d1-6d847dad557d	444148008	1	408732007	900000000000010007	900000000000451002
14fc0c34-0c8b-4709-8e60-c052c6500f6c	20140114	1	900000000000207008	5e04e578-6af2-4cb6-b5d1-6d847dad557d	398254007	1	246090004	900000000000010007	900000000000451002
3b4b469f-0176-41b5-92b4-289799cdc930	20140114	1	900000000000207008	5e04e578-6af2-4cb6-b5d1-6d847dad557d	410515003	1	408729009	900000000000010007	900000000000451002
16db49cb-e81e-587f-9b39-682c14366b91	20140114	1	900000000000207008	f6e0f907-35ea-4106-a23f-319a2a5ce254	281666001	0	116680003	900000000000010007	900000000000451002
0a7e8d39-ea88-49c9-8569-e69321307c1d	20140114	1	900000000000207008	f6e0f907-35ea-4106-a23f-319a2a5ce254	410511007	1	408731000	900000000000010007	900000000000451002
58e89af1-c19e-40c8-8e51-36d60561b8f9	20140114	1	900000000000207008	f6e0f907-35ea-4106-a23f-319a2a5ce254	444148008	1	408732007	900000000000010007	900000000000451002
e5d0db62-eb99-49e4-8c14-68572d7968f0	20140114	1	900000000000207008	f6e0f907-35ea-4106-a23f-319a2a5ce254	52781008	1	246090004	900000000000010007	900000000000451002
2018a9da-4d79-4c9a-b224-4a2863dd7bb5	20140114	1	900000000000207008	f6e0f907-35ea-4106-a23f-319a2a5ce254	410515003	1	408729009	900000000000010007	900000000000451002
d5d5c904-3768-5f2b-b5e9-332ccc3365c6	20140114	1	900000000000207008	cfb51c33-453e-4c95-b1e5-cc255c53bd12	281666001	0	116680003	900000000000010007	900000000000451002
0c78d1fc-f7b2-4fcf-8461-d1548244bcbc	20140114	1	900000000000207008	cfb51c33-453e-4c95-b1e5-cc255c53bd12	410511007	1	408731000	900000000000010007	900000000000451002
ae91b528-3377-481c-9f75-b8448fb7c7c1	20140114	1	900000000000207008	cfb51c33-453e-4c95-b1e5-cc255c53bd12	444148008	1	408732007	900000000000010007	900000000000451002
ad6ae317-95cb-46e9-87ae-ae520aebd185	20140114	1	900000000000207008	cfb51c33-453e-4c95-b1e5-cc255c53bd12	9651007	1	246090004	900000000000010007	900000000000451002
b2717047-bbbb-44c2-be6d-416435f359af	20140114	1	900000000000207008	cfb51c33-453e-4c95-b1e5-cc255c53bd12	410515003	1	408729009	900000000000010007	900000000000451002
c7729f94-37db-5f0f-9bf2-941bd245f6b6	20140114	1	900000000000207008	356b46ff-9144-4581-965b-a70247ec0c50	281666001	0	116680003	900000000000010007	900000000000451002
2d2f030f-6667-44d8-aa29-e3e20de065ac	20140114	1	900000000000207008	356b46ff-9144-4581-965b-a70247ec0c50	410511007	1	408731000	900000000000010007	900000000000451002
68319c3d-ee2c-4c6e-9a04-bc99bb508ec3	20140114	1	900000000000207008	356b46ff-9144-4581-965b-a70247ec0c50	444148008	1	408732007	900000000000010007	900000000000451002
4ee6fd85-0427-4163-80cc-8f148298851b	20140114	1	900000000000207008	356b46ff-9144-4581-965b-a70247ec0c50	254651007	1	246090004	900000000000010007	900000000000451002
bd6ab60b-c8fb-46c2-a833-0f7f319be37c	20140114	1	900000000000207008	356b46ff-9144-4581-965b-a70247ec0c50	410515003	1	408729009	900000000000010007	900000000000451002
9d56b0dd-b6af-5a43-81bb-94c0e63f234a	20140114	1	900000000000207008	02a87f95-d4cb-47f8-b9ac-bc7581f7d7f1	306562009	0	116680003	900000000000010007	900000000000451002
a0f32aa8-a8b1-5e25-b695-c77ab90e6bd8	20140114	1	900000000000207008	4789c360-71fe-4909-aede-a5e275f339a8	42251007	0	116680003	900000000000010007	900000000000451002
a97ebfbd-116d-4655-b5e8-95aceefe3b36	20140114	1	900000000000207008	4789c360-71fe-4909-aede-a5e275f339a8	127560004	1	116676008	900000000000010007	900000000000451002
07dcab78-b400-4c95-940f-b2e921a7f46c	20140114	1	900000000000207008	4789c360-71fe-4909-aede-a5e275f339a8	282004003	1	363698007	900000000000010007	900000000000451002
46c45e2c-4b42-5a75-a3b6-5c532c39fefe	20140115	1	900000000000207008	c281e852-8503-490a-9b7a-7e0737ff7c0b	107963000	0	116680003	900000000000010007	900000000000451002
2371e5d6-7267-5e02-b07a-5f548844d84c	20140115	1	900000000000207008	ed8126d8-817f-43fe-ba0b-5e67a5cac4c1	273249006	0	116680003	900000000000010007	900000000000451002
ce0184b5-b732-580e-84a4-b44d311cadc7	20140115	1	900000000000207008	471af31d-eeae-40ea-9e49-4891f051863e	445536008	0	116680003	900000000000010007	900000000000451002
8705584e-957e-5065-a44e-9a2c186299ac	20140115	1	900000000000207008	d55da04c-a221-41b6-bb3e-59dd3ccd1ce1	364644000	0	116680003	900000000000010007	900000000000451002
f8a5ffa6-d45d-561d-85e5-b7e2f55613e6	20140115	1	900000000000207008	47de5b90-198e-4241-8628-522646b2b2f2	d55da04c-a221-41b6-bb3e-59dd3ccd1ce1	0	116680003	900000000000010007	900000000000451002
dbe7de7b-4afe-5910-965d-da480741940e	20140115	1	900000000000207008	7017a8fb-567a-4f67-bd0b-e6d61d4572f9	d55da04c-a221-41b6-bb3e-59dd3ccd1ce1	0	116680003	900000000000010007	900000000000451002
85ae820b-9236-543e-a349-dca5cba29349	20140115	1	900000000000207008	b03a2ae0-6a9d-4801-a85b-63c29200aa36	d55da04c-a221-41b6-bb3e-59dd3ccd1ce1	0	116680003	900000000000010007	900000000000451002
c3060a0f-ac06-58e3-8aa9-d5c344eb7bcf	20140115	1	900000000000207008	d855afb3-8ab7-4fc3-930b-bdf1b802a487	d55da04c-a221-41b6-bb3e-59dd3ccd1ce1	0	116680003	900000000000010007	900000000000451002
491ed87d-88d8-5962-b361-e79d3f0c1f2b	20140115	1	900000000000207008	9231a9de-b0ce-475e-a36a-a20f6895ba77	d55da04c-a221-41b6-bb3e-59dd3ccd1ce1	0	116680003	900000000000010007	900000000000451002
5c52f81d-03fe-583b-951c-0dc60bdc31e1	20140115	1	900000000000207008	88bded2e-0c4a-4345-a2a2-bd3ac5a395fa	d55da04c-a221-41b6-bb3e-59dd3ccd1ce1	0	116680003	900000000000010007	900000000000451002
7800984f-d827-51a7-b455-ddf1de6f2e91	20140115	1	900000000000207008	352b5f56-f4ea-42e5-9066-09226e6242b5	d55da04c-a221-41b6-bb3e-59dd3ccd1ce1	0	116680003	900000000000010007	900000000000451002
0d7addec-7b82-5cc9-a37e-d50bcd848529	20140115	1	900000000000207008	475b4e7f-4ca4-4881-98cc-2dc996464753	d55da04c-a221-41b6-bb3e-59dd3ccd1ce1	0	116680003	900000000000010007	900000000000451002
a12d596f-0b4f-548d-bca1-314e466ad5df	20140115	1	900000000000207008	0f32e0f4-e053-446f-b50e-de4ef66f5e4c	d55da04c-a221-41b6-bb3e-59dd3ccd1ce1	0	116680003	900000000000010007	900000000000451002
82312204-dc6f-5bb6-a953-8dd63d0b32d1	20140115	1	900000000000207008	94d4cfef-a179-415a-8aaf-3f2a77af7645	365508006	0	116680003	900000000000010007	900000000000451002
f120471c-7f30-57f8-a857-79a204aef7cb	20140115	1	900000000000207008	0407e247-767e-4f20-a303-402cb7f2da01	397578001	0	116680003	900000000000010007	900000000000451002
4cdb1ce8-7811-4a8a-8c21-db4062e11df4	20140115	1	900000000000207008	0407e247-767e-4f20-a303-402cb7f2da01	447033006	0	47429007	900000000000010007	900000000000451002
018c6453-781d-4c2e-913a-4ddc16295620	20140115	1	900000000000207008	0407e247-767e-4f20-a303-402cb7f2da01	88882009	0	363698007	900000000000010007	900000000000451002
9233e89e-0514-505f-8400-c3b8c20fd414	20140115	1	900000000000207008	05aa4ea8-b0da-4175-9f92-1bd92eda828f	37535007	0	116680003	900000000000010007	900000000000451002
fc5ec38e-b2a8-537b-8530-cda4fda8556c	20140115	1	900000000000207008	05aa4ea8-b0da-4175-9f92-1bd92eda828f	11164009	0	116680003	900000000000010007	900000000000451002
a082d222-9580-53d2-a175-dad785d3fd8d	20140115	1	900000000000207008	605eb402-ce95-49aa-9dcc-17dd462d4f25	238181003	0	116680003	900000000000010007	900000000000451002
815be2a4-5305-4c1b-935e-6b2c2dd933a5	20140115	1	900000000000207008	605eb402-ce95-49aa-9dcc-17dd462d4f25	37270008	1	425391005	900000000000010007	900000000000451002
f14e19f1-2d3a-4211-ba34-a7f6fac29301	20140115	1	900000000000207008	605eb402-ce95-49aa-9dcc-17dd462d4f25	129304002	1	260686004	900000000000010007	900000000000451002
c8e4501e-d4c6-4b4b-8605-17bc7bf7fa1f	20140115	1	900000000000207008	605eb402-ce95-49aa-9dcc-17dd462d4f25	23526008	1	405813007	900000000000010007	900000000000451002
636bb3ca-bd5f-4009-bd4b-89872ec1a643	20140115	1	900000000000207008	605eb402-ce95-49aa-9dcc-17dd462d4f25	122456005	1	424226004	900000000000010007	900000000000451002
6258ed95-4dcb-470c-b347-0d3b7ff1ef63	20140115	1	900000000000207008	605eb402-ce95-49aa-9dcc-17dd462d4f25	103388001	1	260507000	900000000000010007	900000000000451002
2d5211a1-3d62-5ebe-acfa-601a54394553	20140115	1	900000000000207008	b761ff27-a1df-4c6d-973e-03cc66c849db	72366004	0	116680003	900000000000010007	900000000000451002
77f7ec23-732b-54a7-80d3-7165df26e7dd	20140115	1	900000000000207008	19ba0d84-d427-4342-b224-aacb622200da	408490001	0	116680003	900000000000010007	900000000000451002
c11a78c2-e144-430f-9308-5eab54c86eb4	20140115	1	900000000000207008	19ba0d84-d427-4342-b224-aacb622200da	52448006	0	363702006	900000000000010007	900000000000451002
ced589d8-40d6-5e2e-b855-0606bc75ae69	20140115	1	900000000000207008	168741b0-d772-475a-93e2-cc54dc902c0e	366044004	0	116680003	900000000000010007	900000000000451002
40e58593-f3a8-5b36-a2da-68afb3d11880	20140115	1	900000000000207008	168741b0-d772-475a-93e2-cc54dc902c0e	397709008	0	116680003	900000000000010007	900000000000451002
3099b120-a74a-53fe-bdfa-4e9a77c239c1	20140115	1	900000000000207008	4bb569ea-77aa-4a2c-94c2-46662ff82b4d	310348003	0	116680003	900000000000010007	900000000000451002
93b4d57e-d345-5cb3-9eaf-3c21b3b701e3	20140115	1	900000000000207008	b1a61964-6cb3-49f5-8ab0-f9c89effe91a	41769001	0	116680003	900000000000010007	900000000000451002
b803fbe3-40cb-474b-8fef-630bb847b555	20140115	1	900000000000207008	b1a61964-6cb3-49f5-8ab0-f9c89effe91a	415684004	1	408729009	900000000000010007	900000000000451002
ffa1d94a-539b-4dad-beaa-5b8ff3a65fe2	20140115	1	900000000000207008	b1a61964-6cb3-49f5-8ab0-f9c89effe91a	410604004	1	408732007	900000000000010007	900000000000451002
97df4231-0d33-479a-9066-f0b31428a53a	20140115	1	900000000000207008	b1a61964-6cb3-49f5-8ab0-f9c89effe91a	410512000	1	408731000	900000000000010007	900000000000451002
31aa1628-612c-45f0-9010-d2d4786c6e6e	20140115	1	900000000000207008	b1a61964-6cb3-49f5-8ab0-f9c89effe91a	186747009	1	246090004	900000000000010007	900000000000451002
82cb2891-04d4-56f9-afc4-3f0a11f5d1a1	20140115	1	900000000000207008	1b381c99-24c4-47a5-b8f7-5415e38feb67	230743001	0	116680003	900000000000010007	900000000000451002
e2034818-bb0a-5aa9-8ee5-cbeff784c8c4	20140115	1	900000000000207008	bf04a494-5de0-49a7-bd82-ee6df1571749	1b381c99-24c4-47a5-b8f7-5415e38feb67	0	116680003	900000000000010007	900000000000451002
8a6340a6-52ad-5661-a47c-6935e6a1ed1d	20140115	1	900000000000207008	7bae5954-5991-4f6e-a24b-8550f3ccf6dc	267665002	0	116680003	900000000000010007	900000000000451002
ebd6db6d-1d5d-4342-a103-ce2273ff795b	20140115	1	900000000000207008	7bae5954-5991-4f6e-a24b-8550f3ccf6dc	4532008	1	116676008	900000000000010007	900000000000451002
d35cfeeb-6d9c-45ab-9076-1067def96a40	20140115	1	900000000000207008	7bae5954-5991-4f6e-a24b-8550f3ccf6dc	86409001	1	363698007	900000000000010007	900000000000451002
f2e05b90-9f2f-471f-917f-26373cfc3fce	20140115	1	900000000000207008	7bae5954-5991-4f6e-a24b-8550f3ccf6dc	441862004	0	370135005	900000000000010007	900000000000451002
aeca9ef2-be9f-4427-a4b3-34085a0b533c	20140115	1	900000000000207008	7bae5954-5991-4f6e-a24b-8550f3ccf6dc	409822003	0	246075003	900000000000010007	900000000000451002
a7f4db4e-2299-5670-9a2a-c9ae0c711de2	20140116	1	900000000000207008	c5bdca60-6988-4775-9139-d789cb1bfdca	224891009	0	116680003	900000000000010007	900000000000451002
ede7aee1-ab4b-590c-acb2-3c036699188c	20140116	1	900000000000207008	3ba2ce45-4149-4530-abdb-37fcd7ac031a	224891009	0	116680003	900000000000010007	900000000000451002
5ab8eac3-b4d8-5edb-bd5b-84157861896e	20140116	1	900000000000207008	0f59f058-2cd7-4bd1-8b6d-46938a4d2a06	71388002	0	116680003	900000000000010007	900000000000451002
3c7fb2e7-9133-4daa-b85f-f26f9c1c0939	20140116	1	900000000000207008	0f59f058-2cd7-4bd1-8b6d-46938a4d2a06	72506001	1	363699004	900000000000010007	900000000000451002
bf7a83d4-bf68-4cb7-b747-28286320974b	20140116	1	900000000000207008	0f59f058-2cd7-4bd1-8b6d-46938a4d2a06	80891009	1	405814001	900000000000010007	900000000000451002
692e5e03-4726-4fea-b15b-900665bc4543	20140116	1	900000000000207008	0f59f058-2cd7-4bd1-8b6d-46938a4d2a06	360160009	1	260686004	900000000000010007	900000000000451002
4774d132-a4b2-5bde-a0ec-44c20b3ccdb4	20140116	1	900000000000207008	78ca865a-7965-4426-ab6a-df26fe14dd0e	397608007	0	116680003	900000000000010007	900000000000451002
45b6b22c-cac4-59de-a113-9d90f79a6365	20140116	1	900000000000207008	7abad0a6-3e5c-437e-bdae-2c8177e4d2fb	397608007	0	116680003	900000000000010007	900000000000451002
9fe5da31-7234-5fdf-8051-d56e4500638b	20140116	1	900000000000207008	17921e54-7424-4338-8881-4901ef18de4b	386702006	0	116680003	900000000000010007	900000000000451002
01737ea2-fe49-5e9c-a487-a4dec626e273	20140116	1	900000000000207008	fc03b641-8b3a-4053-ae38-c62eb4d2adeb	20135006	0	116680003	900000000000010007	900000000000451002
cadd28ac-9357-4d8c-b2ff-352de979eec4	20140116	1	900000000000207008	fc03b641-8b3a-4053-ae38-c62eb4d2adeb	158094009	0	363702006	900000000000010007	900000000000451002
7a56c41b-d18e-5b42-8eba-d3fadd5d4fae	20140116	1	900000000000207008	4a3bbf7d-a0f4-4f25-8fe5-f081c426017d	160654005	0	116680003	900000000000010007	900000000000451002
05b339ec-ef9c-54bb-ba0e-e1dad4838297	20140116	1	900000000000207008	7347ac60-57d8-4b58-9d6d-1e8549129df8	397940009	0	116680003	900000000000010007	900000000000451002
e0f16400-e026-593c-8a58-be70ac37469a	20140116	1	900000000000207008	7347ac60-57d8-4b58-9d6d-1e8549129df8	225826001	0	116680003	900000000000010007	900000000000451002
03a3cb07-50da-5321-bd57-e944689c06c7	20140116	1	900000000000207008	7140a149-81c9-445a-b316-3e56b70cbcff	20135006	0	116680003	900000000000010007	900000000000451002
4ee8c856-2ff6-44a2-97c7-1e57990a32dc	20140116	1	900000000000207008	7140a149-81c9-445a-b316-3e56b70cbcff	7347ac60-57d8-4b58-9d6d-1e8549129df8	0	363702006	900000000000010007	900000000000451002
42859b21-ca18-5b04-b745-4b0eec15a2ba	20140116	1	900000000000207008	bf6cda7e-d040-4e74-ab9e-bd92eef8ef82	224891009	0	116680003	900000000000010007	900000000000451002
fc8c7059-ed91-5e4f-9af8-77058d8eac66	20140116	1	900000000000207008	da262e59-8a95-42ab-9b09-229ecac98078	224891009	0	116680003	900000000000010007	900000000000451002
2eda9d5b-54d4-5116-baef-dfb2c0a3e037	20140116	1	900000000000207008	f3dd8e3f-def9-4493-88a3-3c3f120b2c54	430280006	0	116680003	900000000000010007	900000000000451002
023795ae-ea9b-4e04-b267-9b710b7383a6	20140116	1	900000000000207008	f3dd8e3f-def9-4493-88a3-3c3f120b2c54	181246003	1	405813007	900000000000010007	900000000000451002
f4006e2c-dca7-4e83-831b-0765f9ac86c3	20140116	1	900000000000207008	f3dd8e3f-def9-4493-88a3-3c3f120b2c54	129419002	1	260686004	900000000000010007	900000000000451002
f4a72abf-e2ca-41bf-af62-8aa2981bc70a	20140116	1	900000000000207008	f3dd8e3f-def9-4493-88a3-3c3f120b2c54	415582006	1	363700003	900000000000010007	900000000000451002
e959f1e2-8597-46b8-b717-5492f6a558bc	20140116	1	900000000000207008	f3dd8e3f-def9-4493-88a3-3c3f120b2c54	181246003	2	405813007	900000000000010007	900000000000451002
d1085891-7480-422c-965b-fb0fb6636aed	20140116	1	900000000000207008	f3dd8e3f-def9-4493-88a3-3c3f120b2c54	312275004	2	260686004	900000000000010007	900000000000451002
2db2269c-d73f-4920-a66e-3d424e4719fa	20140116	1	900000000000207008	f3dd8e3f-def9-4493-88a3-3c3f120b2c54	429892002	2	363703001	900000000000010007	900000000000451002
b7d941f3-8a40-5773-88de-e4dab59e27d2	20140116	1	900000000000207008	d068838e-3a1d-4a72-ae40-2e8744ee4014	243796009	0	116680003	900000000000010007	900000000000451002
dba6f28b-e6ef-4521-bf9c-38c5381d0b21	20140116	1	900000000000207008	d068838e-3a1d-4a72-ae40-2e8744ee4014	410515003	1	408729009	900000000000010007	900000000000451002
47540341-7d73-4be2-b206-1e2ffe567ec6	20140116	1	900000000000207008	d068838e-3a1d-4a72-ae40-2e8744ee4014	410512000	1	408731000	900000000000010007	900000000000451002
f93f32c3-467f-446d-b140-0d57e0ba15a3	20140116	1	900000000000207008	d068838e-3a1d-4a72-ae40-2e8744ee4014	82184000	1	246090004	900000000000010007	900000000000451002
9df1839e-352e-48d8-8d13-dbc0161a54f6	20140116	1	900000000000207008	d068838e-3a1d-4a72-ae40-2e8744ee4014	410604004	1	408732007	900000000000010007	900000000000451002
7c999243-2b06-59b1-b7fc-cf2cecc960a5	20140117	1	900000000000207008	88161b35-3cc9-464f-86d5-5e7abd45b0fb	110303004	0	116680003	900000000000010007	900000000000451002
5af86471-0b57-4d7a-b6e6-8e75f05cfd8b	20140117	1	900000000000207008	88161b35-3cc9-464f-86d5-5e7abd45b0fb	83001001	1	363714003	900000000000010007	900000000000451002
86c9fec9-9b93-4f68-a86c-acca7c09bcbb	20140117	1	900000000000207008	88161b35-3cc9-464f-86d5-5e7abd45b0fb	260378005	1	363713009	900000000000010007	900000000000451002
b4f1458f-6da0-5b7a-94d6-e5f10fd8d3d7	20140117	1	900000000000207008	8c3c234a-52f9-46a1-a847-6b99af758497	312850006	0	116680003	900000000000010007	900000000000451002
6b9bd912-e9c1-4465-a950-1f741b90fec1	20140117	1	900000000000207008	8c3c234a-52f9-46a1-a847-6b99af758497	410604004	1	408732007	900000000000010007	900000000000451002
0edc5564-8dc7-4cd9-a21b-4a3f5848d7ef	20140117	1	900000000000207008	8c3c234a-52f9-46a1-a847-6b99af758497	60046008	1	246090004	900000000000010007	900000000000451002
81720bc1-1b39-4b84-9a16-507e31060a58	20140117	1	900000000000207008	8c3c234a-52f9-46a1-a847-6b99af758497	410513005	1	408731000	900000000000010007	900000000000451002
8da65b69-1f9a-4f14-b832-5e188bf2732c	20140117	1	900000000000207008	8c3c234a-52f9-46a1-a847-6b99af758497	410515003	1	408729009	900000000000010007	900000000000451002
dc659fbe-2037-59e7-a38c-f188866792fb	20140117	1	900000000000207008	0c73012e-16d7-4913-9be7-34ccbf9023ea	234947003	0	116680003	900000000000010007	900000000000451002
41dc26b5-3168-56ee-8550-0cae178fbc64	20140117	1	900000000000207008	b2b3d459-496d-4702-adcb-4759f8e8bb42	70931000	0	116680003	900000000000010007	900000000000451002
dcfbf48e-eb4d-5e0b-b2ae-302fdb6d98f2	20140117	1	900000000000207008	25039fb9-e9cb-4113-b450-3664a1435549	312850006	0	116680003	900000000000010007	900000000000451002
80d7d6db-ebb9-452f-bbcc-f3c7bb5c8219	20140117	1	900000000000207008	25039fb9-e9cb-4113-b450-3664a1435549	410604004	1	408732007	900000000000010007	900000000000451002
2b88b872-dccb-4cff-939d-a2e607e6ac19	20140117	1	900000000000207008	25039fb9-e9cb-4113-b450-3664a1435549	363457009	1	246090004	900000000000010007	900000000000451002
49c93f00-2114-4fcd-9786-a499f796af92	20140117	1	900000000000207008	25039fb9-e9cb-4113-b450-3664a1435549	410513005	1	408731000	900000000000010007	900000000000451002
7b5e8ac3-d80b-4ced-80e4-baa2c5c1f5d7	20140117	1	900000000000207008	25039fb9-e9cb-4113-b450-3664a1435549	410515003	1	408729009	900000000000010007	900000000000451002
a99c8152-2777-5968-b958-f129f4fa196a	20140117	1	900000000000207008	a7954bf0-32d0-45b7-b6c7-cee61321f51b	66383009	0	116680003	900000000000010007	900000000000451002
05b23aaa-5ee2-5858-924f-e567f93a1dcf	20140117	1	900000000000207008	a7954bf0-32d0-45b7-b6c7-cee61321f51b	106002000	0	116680003	900000000000010007	900000000000451002
c444d32a-df16-51a2-b73b-bbfff15484d0	20140117	1	900000000000207008	0022ba1d-ff2e-4369-815f-8243f8fcff53	224891009	0	116680003	900000000000010007	900000000000451002
014aa88e-1ebc-568d-a45f-904a527f434f	20140117	1	900000000000207008	d36b8a87-9d22-4399-b276-81bb17cf475f	236644005	0	116680003	900000000000010007	900000000000451002
2cb8009b-db64-59ef-b44f-b5e91872dded	20140117	1	900000000000207008	d36b8a87-9d22-4399-b276-81bb17cf475f	267064002	0	116680003	900000000000010007	900000000000451002
262b0629-baa2-424c-93d2-cb81961333ee	20140117	1	900000000000207008	108761000119101	299228008	0	116680003	900000000000010007	900000000000451002
dc21f3c9-1171-4b17-aeec-7d2765ecb92f	20140117	1	900000000000207008	108761000119101	123563003	0	116680003	900000000000010007	900000000000451002
03894f19-3efc-447b-8e5b-f745f6553553	20140117	1	900000000000207008	108761000119101	107656002	1	116676008	900000000000010007	900000000000451002
38e4c188-cbd7-4920-889a-5b298f557c85	20140117	1	900000000000207008	108761000119101	12611008	1	363698007	900000000000010007	900000000000451002
5bac39ab-aa1c-5934-bec4-b256ccee6d30	20140117	1	900000000000207008	22950f3b-0652-4907-bbef-eb897b5aa1d5	249481003	0	116680003	900000000000010007	900000000000451002
b33ebdd3-5c62-59b7-b82f-08b40f5d622c	20140117	1	900000000000207008	3c209f9b-ed7d-4215-bc16-bd342d1ca88a	429325004	0	116680003	900000000000010007	900000000000451002
282591ac-69c1-5f01-9dd0-540f05160d21	20140117	1	900000000000207008	3c209f9b-ed7d-4215-bc16-bd342d1ca88a	431865004	0	116680003	900000000000010007	900000000000451002
059f4795-0f0f-4e8a-8c0b-4e452803607f	20140117	1	900000000000207008	3c209f9b-ed7d-4215-bc16-bd342d1ca88a	59820001	1	405813007	900000000000010007	900000000000451002
4c6716e6-3078-4173-8cc3-90872de9b817	20140117	1	900000000000207008	3c209f9b-ed7d-4215-bc16-bd342d1ca88a	312275004	1	260686004	900000000000010007	900000000000451002
5bcd7b65-dc0b-4a88-a748-c79fca9d1a7b	20140117	1	900000000000207008	3c209f9b-ed7d-4215-bc16-bd342d1ca88a	429892002	1	363703001	900000000000010007	900000000000451002
26a29e35-2d6b-41b1-bb22-f172c99dcaf4	20140117	1	900000000000207008	3c209f9b-ed7d-4215-bc16-bd342d1ca88a	129326001	2	260686004	900000000000010007	900000000000451002
7b0832fc-c597-4ea7-9291-984c4550c1f4	20140117	1	900000000000207008	3c209f9b-ed7d-4215-bc16-bd342d1ca88a	372654003	2	363701004	900000000000010007	900000000000451002
f6638e6b-ca4c-4d36-a7bf-249d6bd296ed	20140117	1	900000000000207008	3c209f9b-ed7d-4215-bc16-bd342d1ca88a	59820001	2	405814001	900000000000010007	900000000000451002
3352ffa2-c423-55f5-988b-01a9bdf3aee2	20140117	1	900000000000207008	0389d6ac-822a-496c-9a92-653321af0146	258176004	0	116680003	900000000000010007	900000000000451002
f502208d-aebd-4833-ae76-f37cb2f7b39b	20140117	1	900000000000207008	0389d6ac-822a-496c-9a92-653321af0146	3138006	1	405813007	900000000000010007	900000000000451002
9b196853-2395-4709-9ca7-b900566e5ad2	20140117	1	900000000000207008	0389d6ac-822a-496c-9a92-653321af0146	257903006	1	260686004	900000000000010007	900000000000451002
f7b7ae7a-c4f0-4e64-bbe4-96cf2ec1868c	20140117	1	900000000000207008	0389d6ac-822a-496c-9a92-653321af0146	312251004	2	260686004	900000000000010007	900000000000451002
6e7abc01-a4b2-45d5-a20d-746ee7e55a51	20140117	1	900000000000207008	0389d6ac-822a-496c-9a92-653321af0146	429892002	2	363703001	900000000000010007	900000000000451002
d83d9e36-39c8-405b-a624-8b7ee40e1cc2	20140117	1	900000000000207008	0389d6ac-822a-496c-9a92-653321af0146	3138006	2	405813007	900000000000010007	900000000000451002
197988de-5555-4f0b-a2c8-f16ae2aa6df5	20140117	1	900000000000207008	0389d6ac-822a-496c-9a92-653321af0146	35269008	0	116680003	900000000000010007	900000000000451002
9e238bf1-ee6d-5c1f-b9d7-0f6134487b2c	20140117	1	900000000000207008	46611872-4dc6-4298-9cb4-7b86c6b5d4ce	429869002	0	116680003	900000000000010007	900000000000451002
d3527fc7-dca8-5dff-b1c2-8d3c376ee050	20140117	1	900000000000207008	46611872-4dc6-4298-9cb4-7b86c6b5d4ce	303787006	0	116680003	900000000000010007	900000000000451002
e2c8675d-56b2-4d60-a91b-8ad9803d5bce	20140117	1	900000000000207008	46611872-4dc6-4298-9cb4-7b86c6b5d4ce	385420005	1	424361007	900000000000010007	900000000000451002
b083f2a9-67ca-4e78-83d8-2e4b5d90d6d0	20140117	1	900000000000207008	46611872-4dc6-4298-9cb4-7b86c6b5d4ce	312251004	1	260686004	900000000000010007	900000000000451002
abf440e8-5073-43f6-98a8-afd01984f2b4	20140117	1	900000000000207008	46611872-4dc6-4298-9cb4-7b86c6b5d4ce	60911003	1	405813007	900000000000010007	900000000000451002
88c751cc-74b0-5e5b-b3f8-6802df97fe9a	20140117	1	900000000000207008	295091000119100	82779003	0	116680003	900000000000010007	900000000000451002
967f25a3-c58e-49cb-abcd-8b55c67b743b	20140117	1	900000000000207008	295091000119100	7352004	0	363714003	900000000000010007	900000000000451002
006a1f2a-d094-42e6-95ce-09737f3d6d43	20140117	1	900000000000207008	295091000119100	77564006	0	363698007	900000000000010007	900000000000451002
02c23f1f-83a4-5099-acef-02a5fdc14f78	20140117	1	900000000000207008	7088435b-28ef-46f9-bb3c-4025bee9dce1	90275003	0	116680003	900000000000010007	900000000000451002
139ebd20-eca2-43f2-9662-2ff27c181039	20140117	1	900000000000207008	7088435b-28ef-46f9-bb3c-4025bee9dce1	365942007	0	116680003	900000000000010007	900000000000451002
91a73e33-aa34-5ed1-8c6b-c371e2cbfd1f	20140117	1	900000000000207008	d4fa6039-e3d8-439a-a1d2-19ef673b34fa	90275003	0	116680003	900000000000010007	900000000000451002
2d531a3e-8241-56e3-a09d-5e0e01c66c3f	20140117	1	900000000000207008	d4fa6039-e3d8-439a-a1d2-19ef673b34fa	365942007	0	116680003	900000000000010007	900000000000451002
d9e58dec-feed-588c-8177-a091cc9014d1	20140125	1	900000000000207008	0b6d802d-7900-4ab4-b315-b206716e8d04	64667001	0	116680003	900000000000010007	900000000000451002
122b777f-5cc9-5c46-a04c-a419883e13f6	20140125	1	900000000000207008	1388754b-db49-4295-a9f0-2984ff0dcc4d	36599006	0	116680003	900000000000010007	900000000000451002
e16712b9-0a52-5d37-b44b-6f7a8edb7378	20140125	1	900000000000207008	1388754b-db49-4295-a9f0-2984ff0dcc4d	0b6d802d-7900-4ab4-b315-b206716e8d04	0	116680003	900000000000010007	900000000000451002
179ab66d-9b4b-5e6d-9515-1a889a5dee4b	20140125	1	900000000000207008	f8bb811a-4a5d-4ed7-9ca2-1c8c2234658e	1388754b-db49-4295-a9f0-2984ff0dcc4d	0	116680003	900000000000010007	900000000000451002
14ae958b-52c0-454c-b688-47d518658252	20140125	1	900000000000207008	f8bb811a-4a5d-4ed7-9ca2-1c8c2234658e	9656002	1	116676008	900000000000010007	900000000000451002
3427446c-9a61-43d8-9245-1e6b62c25b35	20140125	1	900000000000207008	f8bb811a-4a5d-4ed7-9ca2-1c8c2234658e	125565008	1	116676008	900000000000010007	900000000000451002
762a049c-4858-42ba-b245-2a184d3213cb	20140125	1	900000000000207008	f8bb811a-4a5d-4ed7-9ca2-1c8c2234658e	113253006	1	363698007	900000000000010007	900000000000451002
6b21a55c-d13e-448e-a59d-9f31a7f7a1dc	20140125	1	900000000000207008	f8bb811a-4a5d-4ed7-9ca2-1c8c2234658e	84499006	1	116676008	900000000000010007	900000000000451002
5d0fb855-430b-4e4d-aa06-956395d60e2f	20140125	1	900000000000207008	f8bb811a-4a5d-4ed7-9ca2-1c8c2234658e	113254000	1	363698007	900000000000010007	900000000000451002
27b6361a-7c8f-4dea-aa50-0cf2db15d5f2	20140125	1	900000000000207008	f8bb811a-4a5d-4ed7-9ca2-1c8c2234658e	36599006	0	116680003	900000000000010007	900000000000451002
10cdde2a-a206-596c-9d37-b9043cac6bce	20140125	1	900000000000207008	b3578094-2c3d-42cd-bbe2-8a86ccf6b990	1388754b-db49-4295-a9f0-2984ff0dcc4d	0	116680003	900000000000010007	900000000000451002
92526496-85c8-5dfe-aed6-f29b8a48f3fb	20140127	1	900000000000207008	9b71c1ba-eed9-400c-90a3-4e1707594066	444433005	0	116680003	900000000000010007	900000000000451002
c82cfb14-0aaa-47cc-a9a5-1518063bfadf	20140127	1	900000000000207008	9b71c1ba-eed9-400c-90a3-4e1707594066	410512000	1	408731000	900000000000010007	900000000000451002
b2e8e15c-a74d-46b6-881a-b36047d45ab0	20140127	1	900000000000207008	9b71c1ba-eed9-400c-90a3-4e1707594066	17921e54-7424-4338-8881-4901ef18de4b	1	246090004	900000000000010007	900000000000451002
61c53c0c-3d85-4194-b7ad-71f37c10626e	20140127	1	900000000000207008	9b71c1ba-eed9-400c-90a3-4e1707594066	415684004	1	408729009	900000000000010007	900000000000451002
e62306d0-ff12-4ac6-8074-e9d632c9d6ed	20140127	1	900000000000207008	9b71c1ba-eed9-400c-90a3-4e1707594066	410604004	1	408732007	900000000000010007	900000000000451002
2eda3b92-48d3-5dad-8ece-566d9fee953a	20140127	1	900000000000207008	c6616a61-fe16-47bf-9999-1a10ce5aee43	162596006	0	116680003	900000000000010007	900000000000451002
269697e0-6d9c-4d91-abb5-affe9acdcffb	20140127	1	900000000000207008	c6616a61-fe16-47bf-9999-1a10ce5aee43	410512000	1	408731000	900000000000010007	900000000000451002
34314e53-5b13-4eb8-bf27-d287a93e9d4d	20140127	1	900000000000207008	c6616a61-fe16-47bf-9999-1a10ce5aee43	7347ac60-57d8-4b58-9d6d-1e8549129df8	1	246090004	900000000000010007	900000000000451002
8638d568-6739-4717-9ffe-69c98fa4d7f9	20140127	1	900000000000207008	c6616a61-fe16-47bf-9999-1a10ce5aee43	415684004	1	408729009	900000000000010007	900000000000451002
0b953a9a-22f0-456e-8e0f-ef31ed30eefd	20140127	1	900000000000207008	c6616a61-fe16-47bf-9999-1a10ce5aee43	410604004	1	408732007	900000000000010007	900000000000451002
1b294a28-d783-5e04-a500-1f2cd905ce07	20140127	1	900000000000207008	3a6fa233-2cb0-48b0-987f-8486589640d0	41769001	0	116680003	900000000000010007	900000000000451002
63bcb561-ca6e-4d2e-8fa9-6c708eeb1d68	20140127	1	900000000000207008	3a6fa233-2cb0-48b0-987f-8486589640d0	415684004	1	408729009	900000000000010007	900000000000451002
5a19a076-f7e9-42c1-bb82-3b5e99c95753	20140127	1	900000000000207008	3a6fa233-2cb0-48b0-987f-8486589640d0	410604004	1	408732007	900000000000010007	900000000000451002
ca0c06a4-c31e-449d-a6ce-4bb08f580a7a	20140127	1	900000000000207008	3a6fa233-2cb0-48b0-987f-8486589640d0	410512000	1	408731000	900000000000010007	900000000000451002
cd60e17a-6232-473e-94ba-4006e0fc9b44	20140127	1	900000000000207008	3a6fa233-2cb0-48b0-987f-8486589640d0	158094009	1	246090004	900000000000010007	900000000000451002
59dcfd62-e66a-5081-8a9d-0f747fc8a8a3	20140128	1	900000000000207008	0659cdfb-e8e4-46ab-a82c-0b4accae4923	119270007	0	116680003	900000000000010007	900000000000451002
4f4dba5d-f3d0-497e-82b4-a30b1f985218	20140128	1	900000000000207008	0659cdfb-e8e4-46ab-a82c-0b4accae4923	135892000	0	363702006	900000000000010007	900000000000451002
c9d5d2f4-978a-4b84-a106-840c1f386191	20140128	1	900000000000207008	2bbe347e-6c9d-49b1-afe0-338df3be7f33	235699006	0	116680003	900000000000010007	900000000000451002
6adcf011-0413-41e2-8552-4aa0fea70e21	20140128	1	900000000000207008	2bbe347e-6c9d-49b1-afe0-338df3be7f33	38848004	1	363698007	900000000000010007	900000000000451002
7ae82ee2-5523-4dac-b364-f1f2c851791d	20140128	1	900000000000207008	2bbe347e-6c9d-49b1-afe0-338df3be7f33	107656002	1	116676008	900000000000010007	900000000000451002
d12672d8-fd7e-4668-9cae-4d44b8c6813f	20140128	1	900000000000207008	2bbe347e-6c9d-49b1-afe0-338df3be7f33	255399007	0	246454002	900000000000010007	900000000000451002
0a43ff42-6026-5595-937b-ede7b6d8c920	20140128	1	900000000000207008	40a642b6-7782-40af-aab5-0b571c1399f2	11816003	0	116680003	900000000000010007	900000000000451002
59afc3dc-b715-58e7-97ac-6e07bca9d838	20140129	1	900000000000207008	814e482b-ef09-405e-bd03-92054ada8005	67383002	0	116680003	900000000000010007	900000000000451002
325061d4-0871-45f3-bff6-fb1cfa8b3304	20140129	1	900000000000207008	814e482b-ef09-405e-bd03-92054ada8005	408737001	1	116676008	900000000000010007	900000000000451002
69c01210-e9a3-4675-a889-590e5ee3e43e	20140129	1	900000000000207008	814e482b-ef09-405e-bd03-92054ada8005	62736007	1	363698007	900000000000010007	900000000000451002
1aab17c2-88e3-547d-adc0-7ea6809badfa	20140129	1	900000000000207008	31181000119100	42059000	0	116680003	900000000000010007	900000000000451002
559c57cc-338a-5b8e-8d8b-c318e3072e1c	20140129	1	900000000000207008	124681000119104	87614000	0	116680003	900000000000010007	900000000000451002
2057d69f-52e2-4c63-96b5-387f03e880d0	20140129	1	900000000000207008	124681000119104	23583003	1	116676008	900000000000010007	900000000000451002
bb80e1e4-b1e3-4113-9103-4f87a0765699	20140129	1	900000000000207008	124681000119104	29445007	1	363698007	900000000000010007	900000000000451002
26d36d64-6a55-563d-9f96-2dbfa127f39e	20140129	1	900000000000207008	553e558f-c778-4cae-b788-b29d1f2ce7c7	1482004	0	116680003	900000000000010007	900000000000451002
370f7555-dc45-4a0c-845a-5738266b452f	20140129	1	900000000000207008	553e558f-c778-4cae-b788-b29d1f2ce7c7	62736007	1	363698007	900000000000010007	900000000000451002
01336385-65ef-4495-90f8-6668b78854d3	20140129	1	900000000000207008	553e558f-c778-4cae-b788-b29d1f2ce7c7	367643001	1	116676008	900000000000010007	900000000000451002
63b50cd3-a32b-5634-9cd8-eacf79ffad37	20140129	1	900000000000207008	c2b94aad-f0b6-4064-970a-a0cbde6dbfbe	36259009	0	116680003	900000000000010007	900000000000451002
036aa180-d7fc-4120-9c99-045637f2eb55	20140129	1	900000000000207008	c2b94aad-f0b6-4064-970a-a0cbde6dbfbe	40069000	1	363698007	900000000000010007	900000000000451002
9062d126-9c98-4616-8ac9-a645069fd76f	20140129	1	900000000000207008	c2b94aad-f0b6-4064-970a-a0cbde6dbfbe	23583003	1	116676008	900000000000010007	900000000000451002
