id	effectiveTime	active	moduleId	refSetId	referencedComponentId
65172709-69cd-4063-9472-494f5613c64e		1	705115006	446609009	428745004
bdad04ab-63f5-4456-9750-8ca6330c51d4		1	705115006	446609009	57231000119103
4a35a200-51fa-4506-a22b-a240642a42f0		1	705115006	446609009	161676006
3bd0ab03-9a7d-4750-8430-4641c0b3c862		1	705115006	446609009	79556007
5f09f950-9785-4aba-bd56-950df5b1efa9		1	705115006	446609009	22066006
81a41609-ea8c-4b84-a6d4-10c46e2e4ae2		1	705115006	446609009	231812008
105658ef-47d9-47e2-9a2a-7141a78d17dd		1	705115006	446609009	90036004
91b3d50c-34a7-4dfa-b665-412e3290625c		1	705115006	446609009	42134006
1921c7ee-bd77-4b80-bc5f-06b64c8ad6b6		1	705115006	446609009	446617001
cc4ef93f-45be-4656-b2c4-a2aedecdaaf1		1	705115006	446609009	49891000119106
5318dff0-b9a1-435a-90dc-60a4ed2b741e		1	705115006	446609009	20636006
33db8bd7-18eb-439d-806a-0c0a1d3c2b10		1	705115006	446609009	28438004
4d4e91c3-373d-4177-8482-70796f8a1046		1	705115006	446609009	1909000
2201eabc-0336-4265-ab57-d30c29586298		1	705115006	446609009	232108003
a2b62950-b165-4aef-be06-c3fb3d9f6a2f		1	705115006	446609009	2790002
81dd0e81-459c-416c-8dae-c3e824d116da		1	705115006	446609009	68575007
b58b5288-0bde-4c26-a679-d6f97eb8d713		1	705115006	446609009	301939004
484bc549-4723-4482-a5bf-a17bd02014e2		1	705115006	446609009	231986000
88adca54-78f8-4999-9c50-b96b4bd77500		1	705115006	446609009	429448005
023a4933-43d8-4960-9c06-f6f866a57d20		1	705115006	446609009	444668001
c3b830fb-9f84-4e1c-a436-aecaf917eca1		1	705115006	446609009	39021009
a6ef14a6-ea48-4150-b8d6-1287c01fdd18		1	705115006	446609009	58244001
b3c88f57-19f8-4756-bacc-ada8391eda95		1	705115006	446609009	72983001
063a0d70-4ab3-48dc-95e7-23f1c173e5c4		1	705115006	446609009	313157004
007eb9da-f8a2-4086-a1b7-0d384055cd46		1	705115006	446609009	428459007
d068ccf6-4f85-4cc5-ad8e-0c43081a21b2		1	705115006	446609009	13282008
270e821e-cf42-4103-93ce-ea6c990427e8		1	705115006	446609009	89385006
57ffb8e6-4783-4511-802f-a55ec05999d0		1	705115006	446609009	37991008
77f23d7f-1f0d-427b-9485-ec289c3244c4		1	705115006	446609009	312219000
7428c2e0-b283-4180-9d67-3b3085bd045a		1	705115006	446609009	64635004
0d4b468b-b5f2-48fa-a27a-3bdad5fe6aeb		1	705115006	446609009	70321000119108
d038dc61-8cd3-42dd-b456-c76e3db25058		1	705115006	446609009	50455002
9d6bfa8d-aa51-49bf-a836-f9e8cb5690b9		1	705115006	446609009	50595002
2eedb95d-3058-4fbf-9494-1b62d690a402		1	705115006	446609009	3289004
c8360357-5e4e-4f11-a6fc-6aefb3d0283e		1	705115006	446609009	193745007
7f3b8d90-c3c1-49d0-a984-6df5da14aff8		1	705115006	446609009	112741000119100
bc4d78f5-18d7-4b90-bf51-b1b4b3f0d746		1	705115006	446609009	268160006
032bbaca-8ca4-48d9-ae03-39d4aba94ce5		1	705115006	446609009	253234004
fe41da09-e42f-4709-81e9-2a0a3a73e626		1	705115006	446609009	95339000
f3994e22-cbe5-4fcb-bf15-8723540d4bf1		1	705115006	446609009	70323002
ece7d3e1-1901-4ebe-a35a-392276819468		1	705115006	446609009	2576002
436939ba-05c5-482b-99e8-92901e938c1f		1	705115006	446609009	161670000
106b4da5-54fd-409f-9ad2-224f4377b7ae		1	705115006	446609009	240591000
01b53ff0-a2fa-499f-859b-0010114e1204		1	705115006	446609009	267728009
f7cb12ab-971c-42d9-9747-49c275b0207c		1	705115006	446609009	95802009
7a72e9f7-3381-4dc3-8aae-f5170ee2a43f		1	705115006	446609009	943003
5a97b131-22f6-484c-91be-60340a232d49		1	705115006	446609009	72020003
86a479f2-d684-4a46-b039-dae0eadd76d9		1	705115006	446609009	418087009
0b4fa9d3-b140-4341-b73c-372fbf08aff9		1	705115006	446609009	59257003
d48fcd0a-9449-4cac-ad2e-a6b91e36a43f		1	705115006	446609009	30272003
610258ac-94e0-4e17-8918-78ddc758f0af		1	705115006	446609009	206241005
45ca1dbe-9a0e-4cfd-8dda-b61b6a6a150c		1	705115006	446609009	95726001
bb63c77b-4d5a-4924-853c-faada3417eb0		1	705115006	446609009	35091000119101
029e68e2-2eec-46b7-b0ae-7c3c6d511e2c		1	705115006	446609009	343031000119102
3cc9e3c3-4976-4ee7-8519-55fc05fe4417		1	705115006	446609009	1112003
c46aac18-c64d-4e1e-b3a0-6ee90f0de5d6		1	705115006	446609009	361199007
267e59b5-22a5-47bb-936a-3450e648c637		1	705115006	446609009	43727009
a8e935bb-3c1a-4a98-ae39-f33fd9184d62		1	705115006	446609009	55634009
0203295b-d013-4bf4-aef4-aefb26124a00		1	705115006	446609009	193735005
aa2ae7cf-77b0-460d-b995-5293503b7bfa		1	705115006	446609009	21590003
46ff0820-a7eb-45f5-96a9-d037502b167a		1	705115006	446609009	426862007
8f52440b-e306-4f6d-af92-62319028ce37		1	705115006	446609009	415808001
9bc0b446-380f-4788-8448-17f72a73b7dc		1	705115006	446609009	428535004
499503e0-5339-4353-a3e2-2703b7eb5030		1	705115006	446609009	193523008
8d20f2cb-b016-4005-bd42-eb179f770788		1	705115006	446609009	3705009
5d66f0eb-14ea-4f91-bac8-fa00cfa93f07		1	705115006	446609009	14619009
69b83693-981a-491d-96ad-167ed37dd63d		1	705115006	446609009	4129001
6ba77169-44d5-4ddb-921b-e84155ec9bf0		1	705115006	446609009	563001
73b5b581-8e23-469a-9f15-a43b7eb4f4ba		1	705115006	446609009	429455007
d80233cd-054a-4e96-945a-d7886571ac7a		1	705115006	446609009	182131000119106
4c0b066d-e82e-4141-b86b-19faa6a143ba		1	705115006	446609009	69311000119103
9ef75c6c-c87a-4977-9c25-b429816ea238		1	705115006	446609009	342581000119102
287d69de-5655-48ad-ba29-f29904b99cf8		1	705115006	446609009	24566000
303cd9ef-c13f-41de-bb4b-f2bc6be6bfc8		1	705115006	446609009	65301000119104
845a347a-5934-418c-b267-659cbf7630f2		1	705115006	446609009	21011008
06ea88ec-f9d2-4d4d-b763-fe5f4872e63e		1	705115006	446609009	68610001
5ffbc1e5-da82-4095-9110-7a93a6f15923		1	705115006	446609009	46888001
23f6e797-cfdb-43b6-ab0a-ea714a38203c		1	705115006	446609009	131201000119108
c21b884a-25db-4e52-9de9-da0bd59e9d72		1	705115006	446609009	7469001
d3125734-1793-4ae2-a8ee-c907d02191fa		1	705115006	446609009	60505005
a577cc0f-b589-4dc8-a8ff-ae9170290eb1		1	705115006	446609009	26468004
c46d0185-f961-4588-8e54-3a26c8b464a6		1	705115006	446609009	18628002
9b8d26be-1645-4d7a-bc3d-d250a1ea4036		1	705115006	446609009	103841000119102
c5c5b4ca-ae88-45bb-b540-870fa9cf7998		1	705115006	446609009	8041000119108
7da0054d-50ab-4404-899c-d5c7c3d8eeef		1	705115006	446609009	431502008
80c02c72-6410-40c9-a643-6e2f1c46e8f7		1	705115006	446609009	402700001
92d0b055-bda8-4a35-a6d5-197eca6bd1f9		1	705115006	446609009	427813004
36fc43d0-2ba7-48a6-a511-891b3a20a87c		1	705115006	446609009	75663006
b64de6c2-5fef-4de0-82fb-ec553bc00a29		1	705115006	446609009	33401000119102
891a54ec-5a96-4246-8e45-7e2d3e18c2e0		1	705115006	446609009	193712007
ba2f5d07-7179-4be0-883f-0dc3d4ccf74f		1	705115006	446609009	254997007
cfa63107-d451-4f5a-b35a-d692d518a777		1	705115006	446609009	128602000
c80c20dd-b7f2-4447-a3ee-db1ff424d375		1	705115006	446609009	62619007
efe365c7-372e-4090-8f55-4124a8531f41		1	705115006	446609009	367469000
b495634a-f87d-4aaf-a74b-c485bd675377		1	705115006	446609009	19448008
e5b40ed3-4d40-4d66-99e5-4d3878cddf35		1	705115006	446609009	111519001
ccf33a64-fdd8-41fb-93b4-b7b41918dfd9		1	705115006	446609009	423405007
0cfe8156-7959-4eba-987c-c5c67bf573fe		1	705115006	446609009	23081000119102
ccc66da5-86d0-4a9c-9491-64a3583630e6		1	705115006	446609009	57805002
f97b2ff6-837a-434a-9751-f010da00455f		1	705115006	446609009	37125009
01032e1d-3692-478d-a363-70392140b3fd		1	705115006	446609009	230506000
1d57e8c5-6f5d-4728-a000-2d4aafb1f67b		1	705115006	446609009	4210003
0562ba35-7283-41be-a1b4-dcb5e4fa7061		1	705115006	446609009	95677002
8a630a95-d309-4e86-b4e5-9bf3e1de6189		1	705115006	446609009	112751000119103
92c11b24-a81d-4fe6-a36b-0edb926ad0ff		1	705115006	446609009	23320001
48ee7274-f672-45b9-97cc-3f4433a13967		1	705115006	446609009	45030009
5e8cd9d3-4297-47a9-8fcf-febcdebca41d		1	705115006	446609009	40631009
141a3eca-2251-439d-9af5-3c6af173f9ea		1	705115006	446609009	231931001
581c6951-2230-40de-be8f-a86c642abb9c		1	705115006	446609009	39837002
3e91d47b-0fe7-4243-aa3e-9bc71823b5b6		1	705115006	446609009	421452007
d51e9383-f03a-4128-ac07-fe9eaf8856df		1	705115006	446609009	59698003
85a752bb-54fc-4602-bbac-8ac3ff6657f8		1	705115006	446609009	427055009
3ce8039c-7abb-49f8-b859-c4e71a0e666e		1	705115006	446609009	9520006
a057d1f6-92eb-4f12-a96d-37475f50ec6e		1	705115006	446609009	56170001
1be46bf2-9b5f-4f04-a0ee-e70108faa5c7		1	705115006	446609009	51886007
3f568884-3859-41e1-974d-9e70e3432828		1	705115006	446609009	232117003
068baf22-57b2-48e4-8f38-6dc985e04d03		1	705115006	446609009	69711000119102
43edbe91-2a5a-403e-a174-1c892222b539		1	705115006	446609009	69911000119104
1af2cbaf-b4ae-410a-b9d6-bea616fa449f		1	705115006	446609009	63251006
63ccaf23-91da-410e-9bb0-6d2832cf04db		1	705115006	446609009	49901000119105
841a60b2-e057-4fd8-a891-a705498dfb96		1	705115006	446609009	428087005
8a9b53bb-04e8-4383-bdc4-39759262244a		1	705115006	446609009	65451000119106
e299c5c8-0d79-45a2-8757-85064b220e0d		1	705115006	446609009	83551002
7be42d72-48d0-4ec4-a5bc-d2e51b5ba18b		1	705115006	446609009	314512009
f371d46a-1cb1-41c0-b1e1-450116d5c8cc		1	705115006	446609009	79004009
444165e2-333a-4e51-a36a-13c8146dfabb		1	705115006	446609009	49381001
9cedf052-307e-44f9-82bd-957cfc725f96		1	705115006	446609009	410471004
26b2fd98-9611-4ec9-8322-bd513ed2561e		1	705115006	446609009	161486002
319d57f7-aa67-4b17-83bc-d18199ec4b79		1	705115006	446609009	12184005
22bb4ea4-4881-42f8-a693-b55fe36ac38f		1	705115006	446609009	27023008
43b073bb-3f8b-4699-af28-b132f0aa7b5d		1	705115006	446609009	111532006
cb9d9558-24b5-4a50-8726-a0589e74cc24		1	705115006	446609009	41799005
9c128aa6-d658-4714-9177-665deedf4694		1	705115006	446609009	63720000
d2283666-2aa2-41a7-a598-4d81f1ee6578		1	705115006	446609009	45339001
19ce0730-e28a-4fcc-91a6-8422dd95e25d		1	705115006	446609009	69831000119100
fce09ca4-fc3c-4a01-92f5-7bd13cfc8410		1	705115006	446609009	16059006
bdae822e-16b8-44b3-b2c0-a225097fdb80		1	705115006	446609009	82617003
30777baf-d936-4ea2-8d12-5f774f4df850		1	705115006	446609009	5332004
f3a93d9b-4732-4316-83a3-41e36aabcc4e		1	705115006	446609009	151621000119101
557a5940-05f8-495f-90b4-98ee8af4b2a6		1	705115006	446609009	161675005
6dd2edb5-fc07-4d65-a2b2-5b4d4cc469b2		1	705115006	446609009	27091000119107
bb6c0397-10fe-4a89-83df-662b13cf06a2		1	705115006	446609009	54873004
cb729f60-1124-4aff-9638-b9efdacd8d27		1	705115006	446609009	345121001
614cdae4-69bb-47af-8e1d-c6ff4bdcb1ea		1	705115006	446609009	5591009
61c5717e-c933-4be2-98f2-b55005ef83ba		1	705115006	446609009	131331000119108
34d1181b-9664-49bf-9fdd-ff53bec6961f		1	705115006	446609009	204154009
c1a621d1-d07a-418c-8016-18419c370b82		1	705115006	446609009	405810005
8a6d911e-b072-4fbc-973f-86eb4c29587a		1	705115006	446609009	64445006
422a9a19-9725-473a-abd8-a18d9f97711c		1	705115006	446609009	204179007
5880ad0b-9a1a-44b6-8ac3-9629c1f1a89a		1	705115006	446609009	422446008
d2b4aee3-433a-4714-aa3a-2bd91db2793f		1	705115006	446609009	128468007
776c7b5d-c5d3-4707-9d30-2764e8ffd7f7		1	705115006	446609009	61142002
54696fe7-266f-4ad1-83a2-4522d3f3f800		1	705115006	446609009	69671000119101
228532aa-4879-489d-9045-a4f25e543165		1	705115006	446609009	95689000
1e456ea7-e4c9-47c2-9bf7-9799b56f8c1e		1	705115006	446609009	104521000119108
290cc814-2bf7-42e3-bac8-b51209202e99		1	705115006	446609009	160347007
f9cd5207-0f65-4c0b-84cc-afc3b6ca33f9		1	705115006	446609009	65431000119100
203b0a1b-005b-4dea-82a9-f8a48c2453eb		1	705115006	446609009	22950006
7f68d15d-59c1-408f-88b9-9c9028a180f1		1	705115006	446609009	73757007
0bbb9717-5e6d-4f55-a80f-7dda82ebf288		1	705115006	446609009	428477002
582c21f5-c41f-4309-90e9-e7caef34af1e		1	705115006	446609009	91158006
81ad4ff2-c025-4389-a8b4-148a1eb49053		1	705115006	446609009	35531000119107
e74d156b-f47b-4017-a5a0-6cd29e3e730a		1	705115006	446609009	113621000119107
0acba69b-d994-4e1f-9e8c-0df22936bfad		1	705115006	446609009	65391000119105
4f509cc5-7070-4c41-b83a-c091ddf9f9b9		1	705115006	446609009	95217000
e6df810b-e584-44e8-ad7f-aa13699ee9b5		1	705115006	446609009	422471006
ded82860-30c0-4599-9243-a1edd748e424		1	705115006	446609009	60113004
be036bf4-3170-47fe-98a0-557355218477		1	705115006	446609009	193839007
35035c3b-938f-4abf-b7c9-e01bcb29a6b1		1	705115006	446609009	428656009
6dae86f8-e7d7-4fe1-bdc9-b8a930fa7db9		1	705115006	446609009	193699007
ec9cebf0-e456-458d-920c-9f4e6887e7b1		1	705115006	446609009	33048000
7e2d3716-6ad1-40b2-b0df-5748730695a8		1	705115006	446609009	68222009
30d6eb18-6f70-48e0-b7d7-2c84f75d7605		1	705115006	446609009	14785004
dea31c51-2d8a-4d3d-b193-1469f84e632f		1	705115006	446609009	194021007
2c411171-9332-4171-806e-978f677b8201		1	705115006	446609009	428123009
bca063eb-a499-4bc5-aa43-e72a7f25b4bc		1	705115006	446609009	232109006
8abc9d87-ae38-4268-bff6-8f8cb335ec34		1	705115006	446609009	413898007
563440b8-5876-4d7f-9775-e614b6dbd478		1	705115006	446609009	418801006
f587b3bb-4fad-4f2f-8721-34cd1a4c2679		1	705115006	446609009	45089002
f6bc13af-59c6-4a96-a92c-417f015dbdd8		1	705115006	446609009	1486001
bc2792e2-22b7-4d83-8ac5-8c4aeb6ab042		1	705115006	446609009	20551005
7ee95495-a897-4528-b238-989fa1ef3d0e		1	705115006	446609009	58937003
e0cc61e0-8a80-4a0e-ac13-92e783ba745f		1	705115006	446609009	7731000119103
e21e90ba-8e81-4cfc-8714-ffddbc255da8		1	705115006	446609009	83275001
eb18e774-8d1c-4f74-b32d-4ad66c283a8e		1	705115006	446609009	63511007
1252f94a-a0e0-4b5e-b69c-4e31deb67d5d		1	705115006	446609009	347421000119102
966471ca-c407-4950-810d-259abef04b43		1	705115006	446609009	6131008
f2215dcf-7637-4715-896a-c2b92f398db5		1	705115006	446609009	55871009
4bc132e2-d43f-412d-b9d3-be2ee2c13249		1	705115006	446609009	69191000119105
5f385eff-cb29-4b6c-ba50-a985e13d5b58		1	705115006	446609009	65194006
1cea4abf-a07d-4283-8478-b9a24d8c4993		1	705115006	446609009	314270008
e6258247-be11-4bac-8eb0-acd93e2a5f09		1	705115006	446609009	10810001
f277298d-3ee0-40ee-b1bf-7bd59d3fa56b		1	705115006	446609009	92357008
9e19287b-7879-46b9-b267-1b63fad72e6c		1	705115006	446609009	35558006
1ef5f299-6398-47fd-88ba-825fc712d0ce		1	705115006	446609009	204152008
75206894-793d-4e43-8e24-885e69b559f2		1	705115006	446609009	85461000119106
16175d9f-7122-48a5-9a5b-6e2a3e8b036d		1	705115006	446609009	410567004
b1600dc6-bec6-4306-9d31-6d1034313f49		1	705115006	446609009	59351000119107
9343ab79-dc68-422a-a121-9cd74b7459e0		1	705115006	446609009	71111008
205cf034-9e11-4bed-8268-702639879bd2		1	705115006	446609009	60258001
5ca9d8ab-ed3e-4b0c-af09-93046a20fb43		1	705115006	446609009	102191000119109
04ef4875-2019-43f5-a0b8-0dce2745c43a		1	705115006	446609009	431769004
d52539ea-20c7-41ab-aba0-5eb4bfe9dab2		1	705115006	446609009	99751000119103
4fb7cf71-6535-4779-83f3-3d406fa6e206		1	705115006	446609009	87194000
2afd2a6c-f21a-4ff2-9ad4-aecc7d15b289		1	705115006	446609009	16169003
7a9be221-5872-459b-b83b-c503d869e0ad		1	705115006	446609009	418842009
c7e9a7bf-d0ff-440b-b871-1f09dadd4c3d		1	705115006	446609009	193411004
78118a0f-a7b2-416b-a663-7244171ff51d		1	705115006	446609009	204108000
77782ac0-9a99-4c84-aef4-3167c0449fbd		1	705115006	446609009	45283008
11d42bc7-dab9-4363-a22d-b4f9396805e2		1	705115006	446609009	194057002
3618ceba-392e-4b7a-8a58-ab9b1be6ec6c		1	705115006	446609009	75000006
e2b157eb-5626-415c-9695-8580c5f959fd		1	705115006	446609009	194104000
a62daeec-1d92-49b3-93db-bc4fb0639a02		1	705115006	446609009	15010004
7bc854db-9763-41d6-891b-7800fdd0c55c		1	705115006	446609009	74469006
b95a4b07-aac5-4430-a048-81e01afa8570		1	705115006	446609009	60017001
8da85bbd-2abc-4a97-ade6-82ae8fc39041		1	705115006	446609009	404631002
be0e3c03-0ecf-498d-86fd-c315ce62984d		1	705115006	446609009	69591000119104
8ef81f2d-d971-42ca-870d-c35d1347374a		1	705115006	446609009	24982008
3cacd063-74c1-42cc-9473-eff1d17e5758		1	705115006	446609009	397540003
eee03f50-39f3-4561-b559-d5fa892f6938		1	705115006	446609009	75364009
39db0a92-698d-4ace-8f9e-42db75982872		1	705115006	446609009	11211000119108
2af068c8-272a-4c7b-81ad-f240b1effc78		1	705115006	446609009	65331000119106
e1dfd2bf-981b-4a31-a400-b593d9d25cd8		1	705115006	446609009	232140004
8ae5053b-7462-401a-85e0-ed08d1b55065		1	705115006	446609009	111531004
97f737ff-bb74-413e-9467-56b46e75e1fe		1	705115006	446609009	429304004
a9ca4443-04a3-4524-b57f-f14bbfe149d0		1	705115006	446609009	32919003
41291b42-75c0-4e1b-95d9-509591dde091		1	705115006	446609009	371436007
ca6908f3-281c-4ca7-b4c3-3372947d742b		1	705115006	446609009	29555009
35b32c5f-7d60-494d-961c-a5624c320f0f		1	705115006	446609009	36676002
68fdb7dd-97d0-4aa1-8ec0-ff8c21c2b28d		1	705115006	446609009	246654007
79ae21ae-6f4d-4154-be6a-cd34052fb903		1	705115006	446609009	427300002
79005130-00d7-42b2-8868-2d0c029483d2		1	705115006	446609009	373426005
0c0470e5-ddd2-4104-8a2e-df44f8a9b7aa		1	705115006	446609009	400942002
c884c4dc-4f73-41dc-9cdd-cde620e47e5d		1	705115006	446609009	267613004
4f137303-65fb-48c3-a110-1effc833f75a		1	705115006	446609009	343051000119108
596486a2-be43-4999-8fcc-f2a613fc18a6		1	705115006	446609009	413380004
4c36a377-72e8-4487-81c9-e1debb880d9c		1	705115006	446609009	6881000119109
0c67941a-727a-4b71-80fb-35c41dbec0e0		1	705115006	446609009	32935005
03a67828-5d5e-45fe-9e56-cc3e3f3fc2c7		1	705115006	446609009	63102001
25ca68e1-652a-4c55-9f7a-26eadcb90ee3		1	705115006	446609009	1534008
4425d22d-1106-48ba-9879-efa8533461ac		1	705115006	446609009	428212003
5784fb31-9e99-4a56-b795-f8c9674854ca		1	705115006	446609009	5371001
69902fe4-f23c-4d30-8851-b01b53243508		1	705115006	446609009	420688000
61fe770c-483e-44b1-bebe-dccced5c0822		1	705115006	446609009	69321000119105
54174cb4-95e9-4627-ae80-ac8d03effdfb		1	705115006	446609009	52812002
52ff35cc-9bc9-4dcb-9ea7-128e5b8c0947		1	705115006	446609009	7758003
83943ce9-1607-4f67-80e4-f7997faefc9d		1	705115006	446609009	9650008
a83483d5-794a-4cd1-89d0-9ce2b11c30a5		1	705115006	446609009	79195003
85594707-72e4-463a-a31c-6a253ffaf530		1	705115006	446609009	5888003
5fb711be-ace0-4268-ba6d-1a988fe92422		1	705115006	446609009	5587004
a1cf82d1-e442-4014-a492-50622b0b0b46		1	705115006	446609009	413917002
3762ebbd-692b-4b2c-9d67-bdfece306ce6		1	705115006	446609009	71676008
676c3127-f535-4fca-acd0-c7624155cdc7		1	705115006	446609009	276683003
0e0b2608-11d1-4f8c-a017-0e7d71055a9d		1	705115006	446609009	65171000119107
c023959f-6c36-4c2d-8141-bbed15f33d3b		1	705115006	446609009	29887003
f925ede0-889f-4472-bc06-3c584afe7583		1	705115006	446609009	31264007
5dc94b28-8ac7-44b8-b6ea-46973d2c1e23		1	705115006	446609009	54552008
47683b5b-ad64-4bd9-a64b-125d6db764b1		1	705115006	446609009	371405004
9497b3a3-ebd9-41c8-8e1f-5a2d1c905896		1	705115006	446609009	268158009
dea2ebfd-693c-4b16-a25c-8b2dd7e73a88		1	705115006	446609009	59753003
0c643647-b46f-4383-89a3-72a848548dd4		1	705115006	446609009	246636008
724f36f5-89f2-4700-ab98-fb1c13ef913e		1	705115006	446609009	69741000119103
7ede39da-3c30-471a-8ecd-5b0c7eaa9932		1	705115006	446609009	70476006
07a01e6e-27c8-4ec8-8515-a8d5d3d23fc3		1	705115006	446609009	43645004
e22c0b62-27d4-477b-8ffd-af86980f9236		1	705115006	446609009	86011000119108
bc2967f6-5477-4abd-91cf-08acac16dc66		1	705115006	446609009	65201000119106
1912818d-086d-4db6-9562-985e1a6f9ac4		1	705115006	446609009	424435009
f98a5b02-e950-411e-8838-743e04632a3c		1	705115006	446609009	65271000119101
bec536fa-3b65-4df8-a16f-c77d4f89ce42		1	705115006	446609009	231800009
67dcda9a-4e09-462b-8e23-e7ab51c15ae4		1	705115006	446609009	4490000
eb9c4e16-11d0-4d81-93fe-54ab6fa088ba		1	705115006	446609009	70385007
c6b96341-cb0a-436d-97d1-044bec86178b		1	705115006	446609009	193736006
46d338e8-9397-48ba-9ffa-b68a6732c981		1	705115006	446609009	86643000
280e32d0-67bb-49cf-a13e-381357f722cb		1	705115006	446609009	342301000119101
ccb97e62-3feb-45ca-ba3d-a562a4b0242d		1	705115006	446609009	95742008
882853bc-6efd-46cc-8728-9b26c253666a		1	705115006	446609009	51983000
aa9eef2e-b289-43a1-9dbf-032b179b2758		1	705115006	446609009	63385005
76119241-7893-4a27-9f8c-e6da41e90348		1	705115006	446609009	22385004
f90d2f16-55d8-4bbb-b622-680f7f68813c		1	705115006	446609009	193370005
eafee113-d53e-40c4-8562-f959e0f85743		1	705115006	446609009	13045009
7fed3823-e2e1-4cf5-8468-24c18baab757		1	705115006	446609009	314760005
4814d445-753b-4454-aeae-9e62c9efa560		1	705115006	446609009	13734003
5222a77f-f8a6-45a2-86bf-9c3af0ca3437		1	705115006	446609009	128295000
a2a55d72-9441-4047-a197-669ff3c64d48		1	705115006	446609009	20485009
601e41d3-797d-46c7-95c8-5ccb7ac788b8		1	705115006	446609009	133081000119107
d948c044-e3e4-4f16-b499-a7c80a87f257		1	705115006	446609009	65181000119105
d4736ac3-9693-43ac-8f88-eb21c254de09		1	705115006	446609009	69221000119104
6d4161e8-2b6e-47ec-9057-ce7f7e44b379		1	705115006	446609009	78572006
5e0d1817-2575-4885-9ef0-037d157ab8ae		1	705115006	446609009	266893006
237bd81b-fae7-4b57-b575-3ba51f413770		1	705115006	446609009	59321000119104
1100fca1-500e-4f97-b4d3-240b68ee06eb		1	705115006	446609009	429654001
4b193d79-1cdc-41f7-97b8-fe9b0729546e		1	705115006	446609009	218951000119100
229aa9b5-f149-4576-a90d-b6ab4f39a0ee		1	705115006	446609009	40787005
2084e282-cc88-45e1-b5c4-fafeb74a0550		1	705115006	446609009	428536003
44c308d2-f069-495f-af5f-9f2009192a00		1	705115006	446609009	314757003
7c777699-39dd-46f4-8b46-601594b60e85		1	705115006	446609009	33521009
641e5d72-a14a-44e0-ae2d-13f8af178b47		1	705115006	446609009	4275001
d1e306b7-abef-4394-9182-8074f502e878		1	705115006	446609009	78455002
510ec35b-21f8-4fc9-8396-0ff67c347deb		1	705115006	446609009	98851000119102
326836ef-ac12-4237-914b-4ba4d73c0c0b		1	705115006	446609009	231855007
d79f04f5-34e4-4f65-8667-05a682e2dfe3		1	705115006	446609009	8826001
e1578c13-aafe-4659-9bf0-29f703c490dd		1	705115006	446609009	70099003
79be04e4-8281-4b88-b31a-871e200e57ae		1	705115006	446609009	35158001
b3c914d0-cc54-42f6-96c6-c79e1ee62852		1	705115006	446609009	86103006
bab310bd-263e-45e5-a552-d6c796a7fc14		1	705115006	446609009	67320001
70168f7f-b667-4bac-ad87-937173d1a5d6		1	705115006	446609009	44729001
658a5221-a800-43df-9f27-5f2d491a1389		1	705115006	446609009	24210004
30d104d1-5225-4a57-8456-7961328835dc		1	705115006	446609009	193468002
e04fba9a-5b9e-45cd-a594-db21c55b9175		1	705115006	446609009	70301000119104
88ba681e-b829-44f8-8e02-07c8eb7d545e		1	705115006	446609009	65371000119109
e1c91e2e-e4da-4ca3-ae60-2282d05a1a51		1	705115006	446609009	429449002
612bdb97-0143-4763-b649-81f8b01337ab		1	705115006	446609009	70311000119101
56504fcd-be4c-43a6-b2b9-aadc540cec65		1	705115006	446609009	35387008
51fe63c5-a71b-4602-9be3-aa20bfbd6bb2		1	705115006	446609009	62585004
a337dbf2-4e83-4f0c-aa54-4a1613c5b833		1	705115006	446609009	68166002
1e108483-64cf-4ca5-88df-56ce31416a9b		1	705115006	446609009	194102001
d43d4357-7c42-4be3-9a15-78242f3f0fa1		1	705115006	446609009	45688009
fcb1288a-fedc-44cc-8c6d-1d4f2789e7e2		1	705115006	446609009	409668002
60838071-51d6-4ed6-856b-1e6a6e3b8185		1	705115006	446609009	342741000119103
93ec7370-719a-42a6-b120-609a66269990		1	705115006	446609009	72789009
3ef8acc4-955b-43dd-b940-f0e24e759eec		1	705115006	446609009	65441000119109
cf13454f-8a26-4a84-9eed-10f127760659		1	705115006	446609009	246660007
2f114d9d-87de-4d24-9486-a1e85ac2e25f		1	705115006	446609009	105881000119106
a4adb41c-fba6-487d-9d0d-e1f05f471891		1	705115006	446609009	267727004
8d452801-8b87-43d9-99cc-ae88f811804b		1	705115006	446609009	14781008
dc6ebe17-48f1-4dcb-a6dd-7e42d175aef8		1	705115006	446609009	232121005
087c329a-f632-42d6-a72c-b8b479ed5194		1	705115006	446609009	193731001
1b12e894-84fc-4eda-825e-754a2e1663e1		1	705115006	446609009	81519008
7f9d6d99-5fe6-4aa4-aa5c-e050fb1c4833		1	705115006	446609009	41256004
8c042169-1f37-4b08-b2ab-bf7321c22440		1	705115006	446609009	314467007
7637c9ac-1fd7-4e57-9b99-a8f7a8a760a3		1	705115006	446609009	312999006
56100895-7f6b-466e-ab98-e7379f843b35		1	705115006	446609009	193722001
fb539b19-1c37-4f12-8ee1-1287caf22508		1	705115006	446609009	69411000119107
1619fd43-9465-460a-bd81-b0c904a200e8		1	705115006	446609009	31254003
927937a5-eaff-4106-bc3f-f1e23f7975e7		1	705115006	446609009	10360000
9fc8f01c-6114-43a4-9434-3204fdc80f32		1	705115006	446609009	74025007
d4175d37-74a0-48f4-956f-7ffc323fb7f3		1	705115006	446609009	13164000
53910c56-4482-448b-b1ac-6f82b21a75b9		1	705115006	446609009	65411000119105
ec73022a-2693-46e3-8495-035bea93c256		1	705115006	446609009	9428001
02e4a4b4-09d1-46e3-b60e-af802f665fa7		1	705115006	446609009	430888006
95f93e3f-39e5-4990-a599-0277e92d52ac		1	705115006	446609009	431804003
ee955769-16ab-497d-a029-86d23d3c42fe		1	705115006	446609009	69278003
3d155601-b06f-435f-9574-f2b72ac1946e		1	705115006	446609009	427355004
7013b3d6-c689-4d89-be83-dc56486b9050		1	705115006	446609009	65291000119100
9f647633-816a-479a-8ff4-64cfbaf477bc		1	705115006	446609009	399323001
45428007-e5b6-41e7-9d9b-dd393ad257ba		1	705115006	446609009	194131002
b4709bbc-17a4-4f7b-8ffc-e87cff6f647f		1	705115006	446609009	51445007
0522cb14-c64d-44d6-9da2-35021d8069fc		1	705115006	446609009	49107007
d7e3b40c-ef7a-4f82-bc1d-4b8b22205034		1	705115006	446609009	1674008
4ee93df2-c75a-4a77-ba9f-8789493725e8		1	705115006	446609009	58882000
fbb26ecf-25f7-4672-b619-e5469c94fc0b		1	705115006	446609009	53808001
2194f8de-8758-4da4-bcb7-79c4bb308467		1	705115006	446609009	65321000119108
6876f294-3e3d-429c-ac35-3c505718b586		1	705115006	446609009	34406007
4ba98ffa-3640-4026-84da-99142463a232		1	705115006	446609009	204153003
8fc9400a-9e4c-45be-ae37-6c067fffadbe		1	705115006	446609009	204102004
91f343f4-491d-4af9-b3f0-540292f3e363		1	705115006	446609009	127346000
d496c5ec-5ae6-4bcf-9695-2119888342a6		1	705115006	446609009	239059004
6206f888-c5b5-4212-9c26-388350058848		1	705115006	446609009	65191000119108
d0325818-cb10-4982-bcf2-ff219f1962d3		1	705115006	446609009	264008
07dbbec8-0863-4827-b56b-cd45dedd5d19		1	705115006	446609009	342841000119109
2399b65b-5bf8-4b69-91c1-4c341b6978e6		1	705115006	446609009	11603001
b66dec9f-7b60-4406-8677-a7e508b2bc64		1	705115006	446609009	405270006
adc2fca4-cb66-4fbe-8c17-99c886477ce7		1	705115006	446609009	82108004
df022cf7-ff20-49aa-b071-f1b72cd56375		1	705115006	446609009	38465001
b23efba1-55da-4290-80a7-ebb414c332bf		1	705115006	446609009	71271000119107
6ac397f2-eadd-4b29-b2b7-a4585959e26c		1	705115006	446609009	420049001
126d1d35-77ca-4b9b-a373-6b1545f16dbb		1	705115006	446609009	415147002
03f102cf-dcf9-402e-8005-ca5cd8dde2ce		1	705115006	446609009	5131000119107
e8821a2c-a38b-4401-9475-6750be9e777d		1	705115006	446609009	115561000119102
5aa3675f-388e-4e99-83a5-f1f5f768fb2e		1	705115006	446609009	89654006
1a54d4e4-71aa-45d2-8fca-11f74976fb09		1	705115006	446609009	41620007
3eaac755-9316-4bdb-a9c5-579f42a76adf		1	705115006	446609009	427115009
3e70d66b-80f8-4fbc-94d6-06f929cfcc96		1	705115006	446609009	82180009
e2ab57d1-567d-448e-87ea-59c048c28077		1	705115006	446609009	65421000119103
c343f4a4-670b-4950-b78b-38c1fe681985		1	705115006	446609009	56852002
21aa2c06-fad2-4c1a-9c90-2b03573cadca		1	705115006	446609009	342751000119101
13b200a1-03c9-4301-84c3-28806db282e9		1	705115006	446609009	75133003
23060b3e-c3b4-4aff-96f9-e6e69538e350		1	705115006	446609009	276316005
a9dfe59a-1ae2-4e7e-8fea-2c38bd9dd138		1	705115006	446609009	37214009
22ad3e72-c72c-4f51-8761-36dc415e9e80		1	705115006	446609009	193466003
0d940ed9-5d4d-4b2e-9eff-aa55a1758eed		1	705115006	446609009	90310002
815a837a-ecd2-44e0-8dc6-49eff31523e8		1	705115006	446609009	44295002
841e5424-3562-408a-bd51-8c6ddc7fdf99		1	705115006	446609009	193659009
33435ffb-fb84-413b-a725-fca4269967d9		1	705115006	446609009	313165001
e5a77e61-ad71-4e22-bb1e-072780345fee		1	705115006	446609009	65381000119107
9840a492-d6a5-467d-8cda-734a9f3c9181		1	705115006	446609009	31053003
f798b596-7a96-4a87-8624-95647cbb2382		1	705115006	446609009	336691000119100
0972d293-4ed7-4506-88bb-44adaa874b2c		1	705115006	446609009	370956008
e75d3f62-3183-4361-b871-c006a1df8bcc		1	705115006	446609009	77479002
e2235923-2de1-46f1-b379-815595c0e162		1	705115006	446609009	404667009
d7b18739-eed0-4e23-a8f3-7bcde9187fb2		1	705115006	446609009	112081000119108
8e0bc492-fbd9-4706-8fae-5afc09efc1ee		1	705115006	446609009	255002002
6638170d-ab41-41d7-b226-a06ad69a75e5		1	705115006	446609009	428935009
d1171ba0-7e34-45b4-93e7-91be137df46d		1	705115006	446609009	400951005
fae65333-63f0-49f5-a4cb-dc9235d58f32		1	705115006	446609009	111518009
19073368-3ab0-4cac-acba-ee207d205212		1	705115006	446609009	75241009
fc8685b9-e9f0-4515-b925-948e67ee52d8		1	705115006	446609009	193732008
4689d1da-791e-4112-9673-33a4710daf9f		1	705115006	446609009	8771000119104
63005f7b-68b9-46b5-b796-f6d0397dbfe0		1	705115006	446609009	193950006
74d544d5-ccf8-404a-991d-1e9ea9ec7102		1	705115006	446609009	79017007
7467a305-49ee-4677-b268-c745bd0885be		1	705115006	446609009	44381003
1c19463c-2b3b-4d75-9ba6-c5bbd763ee20		1	705115006	446609009	204166003
529dd57d-c3a0-4f7c-a6f4-d013518a7feb		1	705115006	446609009	128352002
57403f63-0260-424d-a44e-2d7346962cbc		1	705115006	446609009	85478004
09b90b70-5418-460a-af2f-72cbbe82211e		1	705115006	446609009	301913002
724b4dba-a19d-4698-8459-5cf8febdb651		1	705115006	446609009	85697009
2dc03f42-5411-4ca6-ab10-f549db71061a		1	705115006	446609009	427852006
6c4a9477-4fed-4e27-88d3-076b74ffe656		1	705115006	446609009	95766002
12fea3dc-f04b-4463-9f07-1c1fa35ec0f5		1	705115006	446609009	111528000
50d4d367-1092-4a8b-b7a1-24da24aac79f		1	705115006	446609009	424801004
4430552b-ab6c-4c93-9311-378b63dd4828		1	705115006	446609009	33229005
7ffeb10b-0392-4a50-801f-fd669598d868		1	705115006	446609009	64269007
435b3871-812c-40f7-a83d-847cefcb530b		1	705115006	446609009	413924001
