id	effectiveTime	active	moduleId	refSetId	referencedComponentId
8e1de038-8c7a-468e-a25b-ae22a2b03bf5		1	705115006	446609009	239164002
e4c1983c-4301-42c8-813a-59b55b791bb2		1	705115006	446609009	234195006
50b8ee44-1d4f-4b5a-a02c-59ac1f2e3710		1	705115006	446609009	13140001
db3bc47a-c9b9-40cc-b094-67442a05b04e		1	705115006	446609009	110151001
7431074b-18cd-47b3-861f-3a427d6d3483		1	705115006	446609009	282080005
90d7f7a3-a926-499c-a720-5a1e4857ef5a		1	705115006	446609009	84997000
0bceb47d-8425-4dad-a277-4592c7ea6f98		1	705115006	446609009	262850009
98149c4f-8a77-4701-9f8f-a3a7afcd7e59		1	705115006	446609009	283037009
e0339334-b023-458f-b06c-342a34b9622e		1	705115006	446609009	240266004
8c99bcb2-1745-4018-9f09-13ab7958cb86		1	705115006	446609009	236761004
1d13aa2d-1196-46b8-b8b3-83e32743ae38		1	705115006	446609009	67438002
9f54b778-5d4e-4b8e-8c3d-f054efd68038		1	705115006	446609009	295501005
f5c93ab3-833d-4698-91a5-f378d308f495		1	705115006	446609009	57182000
8080f052-e96b-4013-9cd6-290dc6f31d4e		1	705115006	446609009	292605001
65d3a492-8bac-4d51-96fa-9ab48ca7d5bb		1	705115006	446609009	283027004
15df909b-299d-45a6-be3f-0e9ca7aa819c		1	705115006	446609009	7248001
8c37f233-dbc7-40df-9df3-e592cb5a2d0c		1	705115006	446609009	78508009
c270e29a-fe03-4f01-aa71-07a0d7e913d6		1	705115006	446609009	42458003
94a1e899-3238-457e-bc29-a277bc4c71f9		1	705115006	446609009	49384009
b3a45f54-b621-4c5a-82ef-696c8f1e0b4c		1	705115006	446609009	56892000
c6eb7bee-c89d-4ac3-8e92-0421bc59d1d0		1	705115006	446609009	212123004
6af6f37c-faa1-4efe-9df4-5dd50707f9fc		1	705115006	446609009	73830004
c95354a1-7083-4aab-8981-c830269faed7		1	705115006	446609009	233932001
ba28fb3a-89b0-40f2-bed5-8cb5c24818c7		1	705115006	446609009	212088008
c4fcd1b8-aa70-49f1-bb6f-de407e6f548f		1	705115006	446609009	24669002
15ac4a85-1c7a-4f7b-b5eb-8606244c6fad		1	705115006	446609009	17543009
291d9f2b-7be6-4f16-b19d-5157ae4edcdc		1	705115006	446609009	7765006
ebfd955c-8516-4ec9-8147-37f3ef375479		1	705115006	446609009	51694003
6a2bc291-0fd9-4163-881f-0986efa30f68		1	705115006	446609009	292279003
1f1d8a9b-72cf-4f3e-853b-35c6e800afb6		1	705115006	446609009	271118000
03958c5b-623e-49af-969d-5440c079214e		1	705115006	446609009	11196001
66f27156-203c-4258-b872-c5609a108595		1	705115006	446609009	210328006
5fb9307f-079d-4d42-98d2-dd7a2298083e		1	705115006	446609009	404207003
df722d13-8ea1-4a84-b6ef-506e1d95e854		1	705115006	446609009	110244000
d70fc86e-2a01-4719-aa48-7410adb4da3f		1	705115006	446609009	217670007
b2dcbaa4-b7cf-4a34-ad0b-2b0515185628		1	705115006	446609009	210363001
416c396a-885c-415c-99de-b328068505d0		1	705115006	446609009	22247000
6116e50c-551b-4ad1-9e5f-7343053a5daf		1	705115006	446609009	241769004
5c002a86-c075-4a1c-af75-18a5b3c8635b		1	705115006	446609009	41783004
ae8a6497-2e7d-44a4-836c-341b77a0f850		1	705115006	446609009	296003005
4f0e4225-1ebf-4cbf-8078-4db46bcf0888		1	705115006	446609009	271133008
54620e26-8ccb-475b-bab3-aad9798d3077		1	705115006	446609009	39451005
5f071ec5-9196-4049-9df7-7d3a08dea8a1		1	705115006	446609009	47255005
aa5665e5-5725-4c76-82d9-79f3255f4729		1	705115006	446609009	30227006
61467285-00e0-4e9e-9512-64e58e4d818c		1	705115006	446609009	296335002
3ea5173a-d72c-4ed1-bf10-f4a6e5b7e4e8		1	705115006	446609009	292382006
14f3f955-f274-4676-b1ec-f3d380812472		1	705115006	446609009	296830004
52b7329f-02b4-4e96-8194-caab0c5b2827		1	705115006	446609009	212073003
544ac39b-d174-48a8-a016-66483eb2d5e5		1	705115006	446609009	33890007
34d34ce0-4e63-4b40-bf8b-09d8c3abbc0a		1	705115006	446609009	37031009
af954627-21c4-4ea0-968e-e7f4376ee410		1	705115006	446609009	22508003
1264f16c-48c9-412f-aaed-5588b0b02cae		1	705115006	446609009	210358000
e2ecb3d1-cd95-4e41-b687-fb87412cc141		1	705115006	446609009	40904009
6108d45c-d6ef-4c0a-9f9e-a061761ee93e		1	705115006	446609009	440643006
628bdf89-96cb-4871-b152-b56e0ba3a251		1	705115006	446609009	219031007
cf3d3608-3cf0-4395-a315-286bd1959a20		1	705115006	446609009	302965003
9674e43c-5f8e-4a69-a713-2723a7ee83cb		1	705115006	446609009	275389001
1259733a-8428-4b22-9fed-cd73b91f4319		1	705115006	446609009	38577009
f326b0e3-2451-491a-ba76-62f6f570d8b5		1	705115006	446609009	295978008
d27adf62-1262-4f83-94e8-2d9837760f22		1	705115006	446609009	35776002
e752837f-8aac-48a8-bb23-1c511b1e83f0		1	705115006	446609009	125591009
a98526ab-af92-4d85-8910-13b91efaf520		1	705115006	446609009	274180001
ce1aa840-11f9-487d-801b-a8e83f9a2936		1	705115006	446609009	295778001
1b5913fd-d2f1-4a07-8b72-e4575d735bad		1	705115006	446609009	295350000
043c3301-0a71-49ae-8ddf-d3333bb0db18		1	705115006	446609009	44549008
e770389d-adbb-4ad4-9449-e2787918511e		1	705115006	446609009	35501005
7a6a8436-7a5b-4c1b-96d9-6cb315e8360e		1	705115006	446609009	34384008
aa161890-ee93-400f-a764-4b35da52de59		1	705115006	446609009	385486001
1b222a85-38b9-47ee-8af3-8dd06ad07d88		1	705115006	446609009	262853006
4fff1f3a-9a73-4505-b174-a16bee439cb6		1	705115006	446609009	7895008
05e9a0ec-9c56-4eef-af0c-82816ed64175		1	705115006	446609009	111769007
4ed4b99d-d0bf-49ed-90ea-a25d5220148c		1	705115006	446609009	262839006
38299021-cd2e-4ee5-9f1e-ab74629269e2		1	705115006	446609009	262581006
c0deea6c-9328-4557-8a88-0fe7d6546768		1	705115006	446609009	283364000
b0ae4e0e-0928-491f-ac6d-5cafbeb5f1dd		1	705115006	446609009	212097007
ad9bb7c3-74b7-495b-9f3e-e6a7394f79cc		1	705115006	446609009	74157006
174b0896-948c-4fc9-9791-9aa9bbb02cf9		1	705115006	446609009	281435002
96dbe1bc-aecd-493a-9f37-84e0eef4c0db		1	705115006	446609009	296609005
aa3955a7-c892-4eeb-b478-28bf9b454e9e		1	705115006	446609009	291121009
2ee65168-3adb-4d83-ab5d-96d09a3c8d3f		1	705115006	446609009	67181005
3e17e440-b9b6-4cc5-8eae-ed75ef25399d		1	705115006	446609009	78198009
ab347460-810c-4fae-b6fb-b33e425ac682		1	705115006	446609009	14448006
80933082-aa6c-4319-9dc3-dd98a8cadf87		1	705115006	446609009	262827003
0881486a-20ff-4246-a652-05b457f95da5		1	705115006	446609009	371077002
f891fa36-2e31-484c-a73b-4268e3f45496		1	705115006	446609009	447260005
89caf90b-3f69-4349-8c77-9e52cf43511d		1	705115006	446609009	13085003
9c7f3ece-fa6e-466e-b11a-e0145fda8030		1	705115006	446609009	296015009
611f5c7a-91be-4d80-a3ae-9e1fd0ee38e3		1	705115006	446609009	66207005
f3f7e190-eb98-421c-a5d5-10fddada3416		1	705115006	446609009	213075002
406c0257-504a-44f7-aee3-5bc83169ccbb		1	705115006	446609009	428110002
82561f53-2eb5-41e5-8cd0-1f7aff819d59		1	705115006	446609009	440144004
8cd5c8da-e581-4fb3-8230-df756fc31b7a		1	705115006	446609009	212835003
4e10495c-5bc9-4c0f-894b-49c571a9d5ea		1	705115006	446609009	236561002
b3621773-8cdf-4905-8940-18be0812dc1f		1	705115006	446609009	262952002
635a4d9a-f709-478c-b60b-03546fa92c4d		1	705115006	446609009	59037007
4c936828-678d-43c3-9d83-4cef15e23cac		1	705115006	446609009	292565005
f1c7ebea-04cf-448e-8295-b92cd48edb73		1	705115006	446609009	419639006
c987c20b-7e5c-4051-bcb1-7e65356daaf5		1	705115006	446609009	211689002
17e3b4ce-ea55-4d0e-8111-992208fa60a8		1	705115006	446609009	210994006
229ecf03-b810-4df3-bb47-059c89f766b8		1	705115006	446609009	290773007
ac2d66a3-f4d5-48df-a841-c4c335b90d42		1	705115006	446609009	293285001
d2826d00-b79b-43a7-a1ba-fd34b6b378a7		1	705115006	446609009	295371005
2a5d4179-ccfa-482e-91d1-6caa3314834c		1	705115006	446609009	398313001
be03cec1-da72-4193-8710-000934bd9b15		1	705115006	446609009	292045009
6bb9052a-21ea-418c-b50f-17734b99e1b7		1	705115006	446609009	271138004
ba6e301b-700b-479f-bac9-033cb6defbf2		1	705115006	446609009	81914009
e7a8150b-cbcc-47e0-a24e-cda03997b455		1	705115006	446609009	78340007
83625553-b37e-4156-a1ea-ea244627f885		1	705115006	446609009	16217003
836c0bba-5a7b-488e-8834-148138d69b6b		1	705115006	446609009	441492003
c81d4a77-af7b-4cfe-acba-bf743348f1c2		1	705115006	446609009	42434002
ea0165fa-60aa-4e13-9742-dbd1d1ac308a		1	705115006	446609009	262923000
7b9b3ebc-0743-432d-9910-ff3fb3784474		1	705115006	446609009	45982008
83d84d71-96e3-408b-927e-6e5347e6759d		1	705115006	446609009	293417004
9bf060f0-96de-4f5f-a7ec-df53e2fbc7b9		1	705115006	446609009	47546008
22680eb0-94db-432d-905e-2e4f3d0b01cd		1	705115006	446609009	398196000
9b282eb2-0cd3-4a50-93ab-965cd476576a		1	705115006	446609009	292040004
7ee43ce6-16ef-453f-9372-823ea0c80590		1	705115006	446609009	218790009
4a3a1fd6-9a7e-4a3e-9d71-fbcaae25e9cc		1	705115006	446609009	17769000
b1b9e965-57f2-4b90-b829-39e97c72c64b		1	705115006	446609009	296766006
7d9f1d06-4943-4cb0-a7a9-02d6ac09bfef		1	705115006	446609009	290369007
5b9a224f-dedf-4a4b-ada1-fe11637e948c		1	705115006	446609009	292327002
37fa276d-4d13-451b-8d1b-dd8bbd3f4519		1	705115006	446609009	45775001
46f21e29-5069-4401-8e6b-51c3c7084964		1	705115006	446609009	111716006
9f49e6f8-7cd1-4dcc-90fe-6344403e7d9e		1	705115006	446609009	430333000
02697c23-1d8d-4794-9932-3db06603c76e		1	705115006	446609009	64169002
9d237ce6-cb77-4dba-991b-d28936f0978e		1	705115006	446609009	269287005
72606da3-0cb0-477e-9163-e5de021cd5a7		1	705115006	446609009	275387004
404af51d-6312-4e51-b9fe-5329bb3ed277		1	705115006	446609009	295392005
9edd0051-29c2-47c6-99c5-3e496635ec78		1	705115006	446609009	210365008
74e4a7f6-2b53-4e38-bcfe-e31b77cbc52c		1	705115006	446609009	296321004
c570c1c9-a326-4daa-9a98-931dc92cd0c5		1	705115006	446609009	22564003
9fa76f78-8449-419a-a3d1-45dec5e0e830		1	705115006	446609009	210809009
a72abd71-776b-47e7-b425-0636844a4bdd		1	705115006	446609009	210993000
4c42e754-0d80-4742-bbe0-2c90075f7b56		1	705115006	446609009	296329002
cf8cf952-8731-4b50-a710-f784a88f61c5		1	705115006	446609009	61823004
c9988ea9-917d-4d42-a9e2-26fbf57c6b11		1	705115006	446609009	55030004
7490a160-2ea8-4130-8960-b2c497417d69		1	705115006	446609009	70176004
f6bfed4e-aeb1-4d88-b178-e74e0283b3c7		1	705115006	446609009	283501005
72e674f6-b89f-4eb7-b4f4-4719cd862159		1	705115006	446609009	40261006
bfdb40cf-891e-461b-b3ca-779c1c9b327c		1	705115006	446609009	210483004
b679b5c5-db1c-4d4e-9bb6-50bad59aaf27		1	705115006	446609009	212074009
badb84a0-b747-43b9-8122-f8b34f23bc16		1	705115006	446609009	127307002
c18e98d5-6066-4ba6-a6c6-5c5ac8712bf2		1	705115006	446609009	38354005
7d81378b-f8a4-4e5d-b8d5-55649e8c6364		1	705115006	446609009	429751004
fbb08134-8d43-426b-94e7-6425383a9c79		1	705115006	446609009	33847006
9c6f703a-0f85-4e7c-bf74-6903768e24ba		1	705115006	446609009	408672009
1df730e3-1882-451e-a8b4-1151af7d395a		1	705115006	446609009	269121000
8a53f68e-d26d-4ca2-8ebf-545496a272e0		1	705115006	446609009	845006
f736960f-793b-4a31-8433-9ca5bd5bd5cc		1	705115006	446609009	81884004
b7152633-61ed-4803-b9f0-02f50c41958b		1	705115006	446609009	234034005
5b3d7f34-7dc4-4157-824a-d2a5c533a058		1	705115006	446609009	45536007
7a9fb6d4-4795-4e92-a007-27000b03c38a		1	705115006	446609009	210323002
65d67f19-7ee7-4b99-a924-f1b28d2d1387		1	705115006	446609009	292095005
dce3cc7c-89dd-4b24-b4d5-820d4cb6f594		1	705115006	446609009	283915004
72ca19a5-c560-48f5-a3dd-776c38e3ef31		1	705115006	446609009	314978007
1642b448-3682-4187-ab09-121cd267e070		1	705115006	446609009	110164000
4fee9ad3-9408-4db7-8cb1-aea3befd7d2b		1	705115006	446609009	89614009
c9fcba49-e179-4ee2-b841-4a66a9d8d690		1	705115006	446609009	86473001
b0a8c4ef-21e1-4c5f-b019-c405477ce19e		1	705115006	446609009	79608006
3f95d6f1-5d79-4db0-98e6-41ec0eb4e6a5		1	705115006	446609009	59426001
97f11266-22d7-4f9a-9023-4e854656b309		1	705115006	446609009	127302008
2b3cd9e9-17d0-40a6-b33a-87158dddd67f		1	705115006	446609009	68565009
42da4bbf-8da4-4f0f-89bc-34335723bfcd		1	705115006	446609009	447649007
98a12065-c0d9-471e-b224-0555047b2646		1	705115006	446609009	262841007
ba67700a-0be9-4249-9026-56f064e20148		1	705115006	446609009	241748001
3f034340-8140-46e5-974e-b4a8f04d74e9		1	705115006	446609009	293409007
232160bb-9302-4db7-bb2e-8806ea7f495c		1	705115006	446609009	290888005
442d8665-04f7-4335-b1fd-36c9515b75a3		1	705115006	446609009	35447004
ebb385f4-e8dd-4577-8ae8-797bc3820af2		1	705115006	446609009	212109001
4c6b98ef-8e23-45dd-812a-72f3d2171d68		1	705115006	446609009	283500006
56b9f7e9-ac23-40b5-8c54-6f089b42078c		1	705115006	446609009	293539000
a9888afa-e995-4da1-a7de-3dd898d3a297		1	705115006	446609009	292522009
c72dfcb9-7a25-4376-ac18-47b060a743e6		1	705115006	446609009	292414000
9aad1800-b9e0-43c4-84ae-977ced80fed4		1	705115006	446609009	274179004
15509312-8837-406c-94e5-0d978761c3a5		1	705115006	446609009	293210004
5fd4dbc3-4e44-428e-981f-db34ac314d62		1	705115006	446609009	111776002
874c5ef3-c78a-4164-b5c6-1cde2f5d041b		1	705115006	446609009	451000119106
60139121-b30a-43eb-8c86-d86d62516a83		1	705115006	446609009	293354007
227fef77-4b8f-4291-a29d-b609c1a47717		1	705115006	446609009	6821004
7266c263-d564-4ad5-953e-dd8d31b872e3		1	705115006	446609009	241753006
dc979171-f093-4536-9164-6e9eb8bf19fb		1	705115006	446609009	210038008
36a0b083-8690-4543-b060-cff3bd42ea42		1	705115006	446609009	292309000
58b41856-9d9a-42b1-91f9-06eb0dd22fdd		1	705115006	446609009	241937000
b5583289-d78e-4ad0-8d1f-8e079c5e6f0e		1	705115006	446609009	444555004
1e1e9819-7ef6-4226-9f9f-e1e2bb2d21ef		1	705115006	446609009	210327001
8e4a9ded-528f-42bb-beaa-dc933ff423ca		1	705115006	446609009	293117006
e9454276-7d95-44eb-b685-ee66c7cc7c4b		1	705115006	446609009	370247008
9b8f7da3-35e9-4c2a-940b-8c508ef1af9d		1	705115006	446609009	292930000
2a58f1e3-4a95-4798-a798-8a3218fedcf2		1	705115006	446609009	291842008
4d732393-45c8-48ee-bfcc-b75b4a07d748		1	705115006	446609009	271973001
10e2036c-5a43-42a3-96cb-68b569d59995		1	705115006	446609009	292410009
df39fa49-ddc5-43de-97e4-197b12da8835		1	705115006	446609009	218791008
e64eeb99-98e7-4d72-ad92-0ae5ab7e80fe		1	705115006	446609009	125644007
3f26e5ce-41c6-458d-a7e2-12fb93878c36		1	705115006	446609009	293264001
530c1495-b52f-4f3e-b5c5-813bd7fa34e0		1	705115006	446609009	283499002
cfea6c66-e3b9-4b2d-99a9-315232d1bbb7		1	705115006	446609009	87108006
7fd6f5a4-eea9-4f67-bf10-437f2a34a8dc		1	705115006	446609009	230763008
556be297-e8ad-45f6-ad68-c9812ee4e817		1	705115006	446609009	70273001
9c269065-7a70-4b9f-b4d5-cd5662effc4c		1	705115006	446609009	284223003
7a05a9cc-477a-40f7-982c-9b3be7c8abc2		1	705115006	446609009	295960003
de2506ba-b7a8-4b37-8e5a-47c0ec5ba926		1	705115006	446609009	283961004
1b53167e-9c80-4f5d-85cc-dbb16d418799		1	705115006	446609009	212335005
dc6741dd-81c9-491c-ad24-db0bfed31f72		1	705115006	446609009	211109004
36b490f5-f0ef-43b0-9663-38c36cfc844f		1	705115006	446609009	292042007
a9aa2b2a-6eb8-4d40-bc3e-ebabc778df1f		1	705115006	446609009	22388002
9c217cdb-6545-43dc-ac67-e6b758581234		1	705115006	446609009	262627001
a910eb29-adaf-400d-807d-2a82e8b9730d		1	705115006	446609009	239185002
34503a41-29fe-415f-917d-9402d1030c94		1	705115006	446609009	239180007
7f93f269-9b77-4ddf-9d97-f452737d8686		1	705115006	446609009	283505001
8412c477-7864-46c0-b976-da03dfd716c6		1	705115006	446609009	127298000
d6fccbbd-aaab-4d21-91fb-8c728f2f9dce		1	705115006	446609009	235912004
5f05b89e-01de-4a68-95ac-7ab485b71381		1	705115006	446609009	283859007
d4a4adc5-795d-4706-8492-1ba126645da3		1	705115006	446609009	211044004
46dd6306-df57-459d-9094-37231ac4a046		1	705115006	446609009	44400004
ff1b17e9-fc0a-4241-93fb-e28592d2746d		1	705115006	446609009	40398009
b2a4fcf7-a229-4442-89f7-da97c3304cb1		1	705115006	446609009	295799003
921de9cb-1fba-4709-b59e-731141530a87		1	705115006	446609009	426487006
855ea7ce-5054-4ca8-9861-a6fb8890ddba		1	705115006	446609009	211720009
92a4ad19-ffb6-4fb7-9272-245c046fb8b2		1	705115006	446609009	32144005
58e46992-1775-4f47-b49a-13ddc1a3e836		1	705115006	446609009	61356009
d6a105ca-c2bf-43cf-8030-990e447ecd7b		1	705115006	446609009	234184000
57731b07-cce5-487f-9a9c-f134c112b494		1	705115006	446609009	49615009
456921b7-ec26-45b5-ac27-31e4ce58a918		1	705115006	446609009	16333002
9e4cc0f4-e1c0-4b34-9203-fb1bbbf9ee92		1	705115006	446609009	64545009
83129ca9-e0f7-43b7-a7f0-461b2f49753d		1	705115006	446609009	262845003
5877a1fb-6eb2-4ad3-b331-faa1b47b1f2c		1	705115006	446609009	28020009
690da5d7-23f1-4ba4-afdc-3c40e0070641		1	705115006	446609009	292412001
64082fc6-b951-40f5-ad75-82d32b140888		1	705115006	446609009	212813006
e755ce12-e89c-439f-b5ca-5db13e71b74d		1	705115006	446609009	24000001
c51b723a-bb1e-4789-bd11-eb33ca1ada6f		1	705115006	446609009	231954005
be6e4f2f-9db9-4a36-8c8e-8948ad40af27		1	705115006	446609009	212090009
eb8a41f1-28a7-4ebc-9d8f-e4eb4dbf5e6f		1	705115006	446609009	241933001
c81ee045-0718-4b83-b7ea-b7e28f367338		1	705115006	446609009	74297002
9141668f-032c-4feb-958f-64366cdb7259		1	705115006	446609009	296948007
e879d4a1-13b3-4efd-9818-883768ee4c20		1	705115006	446609009	212037005
7733a750-8a70-4039-85c9-bd66f05fcea6		1	705115006	446609009	212108009
306fea21-635f-456f-bd18-6468708bded1		1	705115006	446609009	211718006
21ca077f-6d3a-42bd-b842-04b4329fb178		1	705115006	446609009	295135004
d7cb62c8-b2ad-4c44-8fd4-cffe4b7c1670		1	705115006	446609009	296588009
db596573-b954-482f-8467-e052bff80a89		1	705115006	446609009	296980009
b3901a5d-c75b-4e27-8a6a-ed4c0834b855		1	705115006	446609009	418505005
815e9eb3-cfc6-46df-bff9-d86dde00d619		1	705115006	446609009	25479004
627f9564-1d22-4d96-9ae3-6109bbd193ad		1	705115006	446609009	56343003
07b51795-add3-42b4-a7dc-bbf201f5492c		1	705115006	446609009	79767006
8dd44627-430d-418a-9b97-17696d0b0fef		1	705115006	446609009	7456000
002a21ac-8741-4cb4-991d-e725813f5c38		1	705115006	446609009	212118004
392c1f58-1dcb-42ec-95f2-ecc5f7676976		1	705115006	446609009	274182009
b8e66359-7f03-4722-928e-48d6e57ee347		1	705115006	446609009	292465008
7856a8d0-d4da-4de2-849a-e8c2852c2a56		1	705115006	446609009	410062001
7151556e-a7c7-43e2-bebf-e67414dcbead		1	705115006	446609009	286623009
291f6337-8562-4bda-8f6e-f9340811ff10		1	705115006	446609009	210385007
202bf5ca-c012-423c-9a15-9b35d5d5a409		1	705115006	446609009	219036002
a445a835-93a1-4eef-83a2-9e7c4ef5a15a		1	705115006	446609009	217668003
fdeae64c-e577-4429-adac-4e1d35847a0f		1	705115006	446609009	88164008
6c09ba43-433d-4d55-ae38-51df42d00d8f		1	705115006	446609009	413898007
97872b41-e72d-48dc-a977-25321abf5462		1	705115006	446609009	64113006
051caa45-de9d-42d8-a9a9-2dffd15f1499		1	705115006	446609009	210426009
31dd9270-66f3-48a4-bec1-dd706e3718f7		1	705115006	446609009	296379004
d66d69a8-8b03-4ac4-9900-5141736e950f		1	705115006	446609009	283122008
86596988-666c-4c38-b355-271700ec5c7a		1	705115006	446609009	209046008
980e6f32-6ec4-40eb-a7bb-5c059e3898a2		1	705115006	446609009	23851004
769a29e2-e659-4942-9c62-95d134c565f6		1	705115006	446609009	262805007
7d9ffe37-5104-487e-bc62-523ac03e0c5f		1	705115006	446609009	74882009
63743721-319c-4a32-a27d-507afa0e99a8		1	705115006	446609009	440653007
d4024eae-13ae-437b-8e1f-96a8ea730d5d		1	705115006	446609009	87284002
da499cda-ecbd-49a2-808c-331f33fe156c		1	705115006	446609009	212106008
b3d38018-55e5-4ff3-ae6f-df40e31d0694		1	705115006	446609009	283121001
bf33a70b-1a8b-4f1e-a49b-0bc91d3f841f		1	705115006	446609009	212334009
b600f844-a7b1-48b2-a8cd-9f01aa1f1b03		1	705115006	446609009	296393006
e79b5d72-1df5-48c2-acc1-05a332827f2d		1	705115006	446609009	217666004
00e7e342-73a5-41cf-9078-eed438099d08		1	705115006	446609009	271122005
d6ff3728-0122-471e-9e67-103d6a490cd7		1	705115006	446609009	211043005
7c592e46-c6e1-4f65-8280-69bfff7b818c		1	705115006	446609009	441495001
a1016d82-10dc-4e6e-8009-4ab9f6d41cd9		1	705115006	446609009	9063003
7698309b-ce0e-4e58-8297-ae31e5b2eb1b		1	705115006	446609009	60203004
09396aed-9faf-4cb0-93ca-de407dd74b40		1	705115006	446609009	234182001
030d9906-666b-4d61-82a5-1101caf47a0c		1	705115006	446609009	62276003
3e307b02-2d62-4101-8d36-8d982ca3402a		1	705115006	446609009	293059009
8c230384-2430-46bf-9b05-4ca1e5af7101		1	705115006	446609009	217665000
2f78d8f1-5341-4439-8dc4-364f78c810f3		1	705115006	446609009	212239002
056b4692-b703-447e-a162-ac2b31d1a25e		1	705115006	446609009	38261007
5af82961-096c-4c2e-a49a-bdd166394f3f		1	705115006	446609009	28384005
ede7b868-ce45-4021-866e-6294655cd4d5		1	705115006	446609009	14180000
d1fbb04b-b8c2-4430-954b-b3c85e6169d0		1	705115006	446609009	271135001
d8600cc7-4420-46e1-93ba-bc762ea6d1c3		1	705115006	446609009	72758005
ad921ec5-a66f-4f6c-a3ac-8b56eea2b1d6		1	705115006	446609009	296650002
bd5adf1a-7108-48ab-b564-8b3f5fd6d601		1	705115006	446609009	95869003
80e49fdb-7f31-47ca-a805-0e5054d4bc8d		1	705115006	446609009	283116004
f531a26c-f4f7-436f-bb79-15967bd46f66		1	705115006	446609009	420113004
4528558f-174d-4090-a582-f161419913a0		1	705115006	446609009	444316004
a798ee56-3902-409d-878c-fee66d697f8c		1	705115006	446609009	296368009
54115dd9-b7b3-4409-ad56-2b9d3d22f497		1	705115006	446609009	296668004
869279a6-6cdd-4e99-99f4-3e164d35e3c8		1	705115006	446609009	447157009
8755ed26-47a6-4b7b-92c9-26997ae45568		1	705115006	446609009	291299006
4be1d409-1dd7-4784-8fe3-b5639517db83		1	705115006	446609009	292826004
2684afe6-9f78-41ca-9c0b-3bde15d4c8b2		1	705115006	446609009	292921008
cb059372-2aa1-41e1-956d-0d1b01c634f9		1	705115006	446609009	211476000
843d53cd-32fd-4ea6-b420-6256beea74f0		1	705115006	446609009	296291005
9508f256-defc-447a-989a-b069d030444e		1	705115006	446609009	60199004
e393f72e-bf1c-426e-8df5-c182df8a746b		1	705115006	446609009	295250003
85a04045-0a52-44bc-bde6-599354d2b290		1	705115006	446609009	212602006
eae7691a-b2e2-44ba-b889-9853edcee0ad		1	705115006	446609009	295134000
303923cc-59a6-45c3-b4cf-580c99db2a06		1	705115006	446609009	282053003
0cfa9b7a-7c4f-4563-afa6-c2e3e8029634		1	705115006	446609009	74699008
302706ba-8bd5-40d8-a0c2-999f0ae9b1c5		1	705115006	446609009	52405000
97c99d9c-9b06-41a1-8c4d-9fd4a9a18ddb		1	705115006	446609009	13160009
f3e9a73c-0dda-4748-b2f8-efc149fd55b2		1	705115006	446609009	210393007
d301d701-63b4-4fdf-a7e5-ab1ffbcb17e9		1	705115006	446609009	295549004
540c58cc-e816-4a92-84a1-0274b13c3d07		1	705115006	446609009	213317006
98a07cdd-0386-48ab-bcb0-edd0791da55b		1	705115006	446609009	295918002
cf8511a8-d101-44ea-80d4-c1bce031ab26		1	705115006	446609009	292169005
fcec9bd9-8f76-49f1-ac13-7b03133b4b5f		1	705115006	446609009	430958003
30e416ae-9f0a-46dd-9644-61f936d8430b		1	705115006	446609009	440551001
849ec5c7-b89f-4cc4-91f5-da61201c26ef		1	705115006	446609009	42377002
75a2c9ef-e344-4d67-b4e3-2475d84b7d1d		1	705115006	446609009	234215001
8dc512d0-f2e2-4220-b1b5-d0e470bf7a1d		1	705115006	446609009	386732003
a245e9b9-1884-44a0-87de-e47e52af1005		1	705115006	446609009	111762003
b3cd6169-1549-4eb0-9763-20227bec9a10		1	705115006	446609009	66554005
240257b2-4508-4c28-916d-b88f2dd843ad		1	705115006	446609009	211046002
f98ee705-83d6-4816-93d1-759564ce65af		1	705115006	446609009	296970005
410b01df-c915-4eb1-b287-d517e050dc7f		1	705115006	446609009	263014005
2a27e3e7-22b7-4e41-9080-743b37e4efb6		1	705115006	446609009	234192009
45074e89-fe3b-4d73-b77b-9688ad767dff		1	705115006	446609009	90465004
6ec150a5-96b1-420b-9053-a553fb75542d		1	705115006	446609009	293057006
302bcab8-d499-4353-90bd-6eae2d7845de		1	705115006	446609009	54288002
78cdc483-1c76-4fc5-b822-0866947d3d6e		1	705115006	446609009	296552004
ce824f44-1719-4c2d-928d-e714def5507f		1	705115006	446609009	211108007
e49ba097-fca9-4024-b282-e8e80d11e133		1	705115006	446609009	95725002
f1d89a39-9946-4ce1-92e4-1fb850847df1		1	705115006	446609009	283922007
d8e8eafc-f8e4-4882-9abd-e985bf56227f		1	705115006	446609009	283029001
99ce18f9-eaf9-47d7-b548-80fe29914ae0		1	705115006	446609009	217681005
8f317adc-bae6-4c5c-abc9-b3c15e7d4d39		1	705115006	446609009	292176000
01d1262e-3f83-4c48-a0b2-3cb8b017eca8		1	705115006	446609009	405501007
6e494486-6ee1-4b9f-8f01-d74e7e419157		1	705115006	446609009	22428001
0c27baf6-44fc-4855-84aa-085891e6e908		1	705115006	446609009	212121002
a5beb322-3ea8-4866-9dee-c8a788a03641		1	705115006	446609009	428795003
cdd65073-b01f-49d0-b947-7b212e4a1854		1	705115006	446609009	111760006
8a6d0a27-a4ff-449f-a3d3-327b5dc545a8		1	705115006	446609009	292910004
2af7d523-4454-4577-8fea-3991e5951a62		1	705115006	446609009	192730008
a996ebbb-6f91-4c5a-89db-6e8ff5b880ea		1	705115006	446609009	292591006
c125ed68-ce49-4c02-8f78-9d6d76ad94d7		1	705115006	446609009	269118002
7c30a24c-ef02-4679-9502-ed23dc14ce7e		1	705115006	446609009	31005002
c32c471e-1c53-4ea4-a658-aa86864bc463		1	705115006	446609009	57662003
c6467aac-1bdd-45ba-8e2b-01453676b75b		1	705115006	446609009	262937009
53f164fe-e44e-4d73-91f1-2cf28e855a2f		1	705115006	446609009	296938005
7bd2d73c-1342-45b5-b7d5-a5ac8b4fe327		1	705115006	446609009	293110008
5775d9ef-f481-4a8f-bf5f-e3599cb078a6		1	705115006	446609009	56697009
7b7aaed5-4842-4eeb-b0e0-716d391d0f4d		1	705115006	446609009	111245009
6d92051e-e335-4cbf-9a65-3f1a87eaab21		1	705115006	446609009	212081002
8f3dc1a4-c0f2-4312-8126-468ffd795b8b		1	705115006	446609009	14992004
033c4048-690d-47ff-b586-5a27ee1880ac		1	705115006	446609009	296529003
8201a656-7eb4-4b83-8195-bd71a881587d		1	705115006	446609009	111740003
7d0f5910-bc3a-4bb2-8f6c-8c446f3fddd0		1	705115006	446609009	58104004
71dc21ea-d52f-49f2-9ce9-1577eb60f3c3		1	705115006	446609009	15233006
987f973d-895d-42e7-9076-d96fb3fd4551		1	705115006	446609009	218641001
71ffb58e-a90c-4ef7-94d9-f5109a03111a		1	705115006	446609009	386689009
7f97d3f0-7ef6-4323-99df-7ebdf47c8d58		1	705115006	446609009	46000006
857f4f86-2d66-4d30-b856-ca1925a096db		1	705115006	446609009	442154008
005c1804-5e37-448f-884d-dc4b4e7506bd		1	705115006	446609009	230519001
0aa59ad4-0d28-4934-b291-fb2fdd707638		1	705115006	446609009	127306006
f4612595-80d4-4167-87af-91d52170bd4f		1	705115006	446609009	212080001
6f429d74-e757-45c3-8673-2a74539d7d2c		1	705115006	446609009	296346004
94c998f4-241f-4e06-a4bc-d2477dc94cee		1	705115006	446609009	429490004
6424710d-ed19-4bc0-8aa0-4c5983a483a8		1	705115006	446609009	8260003
77b0f25d-0c4b-4188-a9fd-b61ed7fd737d		1	705115006	446609009	18615009
d83edde8-bc3c-40df-998e-bc1198a1ee0f		1	705115006	446609009	292248002
211a6b24-ed95-4cbd-8e66-2bfd0324976e		1	705115006	446609009	125665001
fde1c2e2-0a3a-431c-b53a-f559f2e58b81		1	705115006	446609009	283028009
d9ee04e1-720e-4bc8-8263-6bf912f6518f		1	705115006	446609009	73518002
9223cff1-4692-4bce-9d05-83d146760b22		1	705115006	446609009	293388001
8872169c-55db-452a-98e7-5ffd12b3e86c		1	705115006	446609009	127304009
b4987ca3-6450-4039-9192-727a68e857e7		1	705115006	446609009	292891000
65bab50c-bcf0-4f15-bbe1-5d17624e93ca		1	705115006	446609009	290578000
e2cf9a71-412f-4bca-aed5-a925a96ab09e		1	705115006	446609009	296975000
ff1cf233-0b05-47ec-93e4-09972ac19900		1	705115006	446609009	312603000
32025a94-141a-4bc8-9fd4-cbcdb2a5fd2a		1	705115006	446609009	262831009
66a13b1f-6d57-473b-af30-0ed3ea88e86f		1	705115006	446609009	63139000
7514afec-7a14-4042-978e-ec9d05326f4c		1	705115006	446609009	64581007
655530b1-0a93-4126-9df3-cc0632feccd7		1	705115006	446609009	85975005
a87f6c62-413b-403b-b6d1-3af49231c674		1	705115006	446609009	4586000
2ff02590-80ba-49b5-a22a-02261aa97d2f		1	705115006	446609009	86018005
99e465f9-3e06-418c-a5b6-2dfe7effc9c5		1	705115006	446609009	230131008
02d6be9f-c774-4fc6-9704-16fc302361fb		1	705115006	446609009	283120000
934deecb-1400-4690-987e-957814a87401		1	705115006	446609009	274183004
2f3dd19f-02c6-4b98-8a0e-10f82e4d5961		1	705115006	446609009	371061003
73f7d0f9-c97c-4750-98aa-79eb47676ea2		1	705115006	446609009	5083008
116a0882-eadc-42d7-820c-1fc9d10991cb		1	705115006	446609009	262879002
89afee87-28d1-40fa-9ae7-e6cedfa19967		1	705115006	446609009	16209006
b2beaaca-65f2-49d5-8040-93c6c96115f2		1	705115006	446609009	69434005
4db1b9f2-cd01-4ed7-9ca0-d78a06d7eb47		1	705115006	446609009	432807008
e3a62739-188f-48a1-b5a0-c487d053083e		1	705115006	446609009	233933006
ba209842-c238-4dd9-9c86-934f8a932e23		1	705115006	446609009	292469002
af2983e3-ea43-41d4-a935-2e8caa842498		1	705115006	446609009	68017002
bbe58e41-1a60-49ea-890e-07c39f7ff4b7		1	705115006	446609009	282059004
84d74042-b898-465a-a248-7c51641713e3		1	705115006	446609009	53106000
717a0b92-0349-45d5-a7d6-6728e7471ea5		1	705115006	446609009	211650008
1850b3c7-ce67-4172-a7ff-2a7c322e50e6		1	705115006	446609009	13457005
ce0f40c5-63ae-4daa-b3ec-e6fe6a6315c6		1	705115006	446609009	211057007
f2bfac95-e675-4a07-92c6-9728ba14372f		1	705115006	446609009	56716005
5cd604b8-416c-4d34-832f-8a424f57c9f8		1	705115006	446609009	210430007
37f24caa-ee9d-47b8-bed7-4a26f8f8960e		1	705115006	446609009	427903006
64dfa1ec-8f6f-4063-9d5e-2c0b93a45df8		1	705115006	446609009	292130004
d76b84df-fab7-4885-8042-075efbedc216		1	705115006	446609009	14276000
3a1c701f-a6a4-4e99-8526-238470c95237		1	705115006	446609009	427833000
6165fc2a-2321-4ce2-993b-6e07ad60573b		1	705115006	446609009	230614002
9de0a859-121d-4e64-9dd6-5f282eee7c35		1	705115006	446609009	77437008
f7e11d9e-082f-431f-beec-2618f97715d3		1	705115006	446609009	297001003
b7599a7e-0488-43fb-b713-820ec8c86827		1	705115006	446609009	74842002
664ad15b-b909-4c54-b13f-8933f222ec10		1	705115006	446609009	212091008
15c3150a-c404-4c1f-b558-a0ce2a84da50		1	705115006	446609009	269226004
5db10e07-cbcb-4eae-be23-88a917c35e1d		1	705115006	446609009	15649002
3bcb1660-809d-4048-ae18-2faac5e2ad3e		1	705115006	446609009	296359007
f8981081-3e49-497c-9d36-e7ebc2376a92		1	705115006	446609009	238383006
df8b51b3-8a62-4e98-a97d-1f1814f7c36e		1	705115006	446609009	262810006
0b873b43-d9ed-4ded-bb2e-94c1622503ab		1	705115006	446609009	13216001
78464290-d486-47da-8a4f-487fabe6aacc		1	705115006	446609009	262820001
7de76b3c-dc44-42b2-8411-4f927a679442		1	705115006	446609009	88993007
0b13f157-c50e-4da1-99a5-aa382fa7647c		1	705115006	446609009	39716001
6d609677-09b0-425e-80c2-9ce238f25f87		1	705115006	446609009	262834001
8431c4b9-c911-45fa-92b9-1062273ca3bf		1	705115006	446609009	293120003
b4a8af1f-6b6e-480c-9f60-9f0c14d73557		1	705115006	446609009	297007004
0b8cc14e-14f4-4ba1-bd0a-fb9177098ed8		1	705115006	446609009	263041000
b1d676b6-28b7-4acf-8bd7-3108e76f7f76		1	705115006	446609009	297047006
142c06be-4b24-4a19-89a1-739c7e38418b		1	705115006	446609009	262630008
7fe37609-4e65-4082-b573-a16067dbc88b		1	705115006	446609009	10959001
339a61ff-7c8d-405d-90c1-4b5fadeaaf88		1	705115006	446609009	293127000
1b130843-1216-4afe-bf3f-bf5ce8089627		1	705115006	446609009	78731006
7d01ad2e-f860-4b4f-ae7e-6ac5e92dea5e		1	705115006	446609009	7725007
14f53368-4310-46c1-ae9a-9abe13f15249		1	705115006	446609009	293392008
f1d510c6-3b57-49ab-a482-8d0f9385cc54		1	705115006	446609009	282077009
665116b2-fdf1-4228-8b1f-4aff48c1bd48		1	705115006	446609009	44165003
7d77e513-7a12-40cd-9528-6e9ce854b81f		1	705115006	446609009	212985008
ef92550f-3b94-4c77-977e-f3d7f09b8948		1	705115006	446609009	35279005
fa479e7c-ee66-457f-9626-7487f0bc742f		1	705115006	446609009	57335002
36801de5-e8fe-453c-9096-bb11b14da5a5		1	705115006	446609009	86733006
2216dcf3-0751-4fdd-acef-ce367dfb52f8		1	705115006	446609009	275388009
fe2f9b7a-8787-4c59-afc5-f8e8194036ac		1	705115006	446609009	398098001
b1090fa6-5d64-4607-ae14-133cc19821e5		1	705115006	446609009	76149006
1ca3ca4d-e836-40b8-8181-4f3ac022693a		1	705115006	446609009	39890003
1240ee13-aca9-4a45-beaf-06a92fc6547f		1	705115006	446609009	248898004
5574bce5-877c-4c3a-9275-e4296560effc		1	705115006	446609009	212067004
a58bc2d1-3755-4f08-8333-dadcedc42712		1	705115006	446609009	447820001
b8baa198-25d0-4c3d-a56f-70742ae56a75		1	705115006	446609009	292479000
24458b20-44cb-40c2-af2e-57ed51416e9d		1	705115006	446609009	60713008
a9c545af-9a27-4f32-ba16-69e44a09f440		1	705115006	446609009	295830007
15370875-3c40-464f-8ad5-72556f552159		1	705115006	446609009	212455007
5ededaa5-290a-44bd-868b-d1c09e696cf8		1	705115006	446609009	293334006
495ffafa-3575-4201-ae71-c7f002b8018c		1	705115006	446609009	49252004
13219298-a804-4e77-aa44-4c923aac3ad9		1	705115006	446609009	75984003
30313555-a398-4437-84cb-d227e8b0f71f		1	705115006	446609009	217659000
3c276fcc-7ab2-4077-b1c9-51176c0005dd		1	705115006	446609009	296204005
e0cb6a42-abae-4d25-8e88-055fb859cd6e		1	705115006	446609009	293436009
96ea0fd0-0e70-474e-9e59-4eb62d4f5bc6		1	705115006	446609009	292162001
43faae01-e64f-45cc-8e20-0dffb418c47a		1	705115006	446609009	293218006
ea133e85-9905-4099-8a68-7f3f2b80962b		1	705115006	446609009	405754008
f2dc2a13-05a7-484b-b406-1d08a69b52e6		1	705115006	446609009	293069003
daabf016-d689-4ab1-b262-bc01cd6429dd		1	705115006	446609009	282066003
ed667884-f84f-4bba-a935-5334e24f46dd		1	705115006	446609009	110186004
bf172b9a-b33b-4f88-97af-a573f022ae75		1	705115006	446609009	419914000
eead2a85-7401-43d7-bdba-f043f215741c		1	705115006	446609009	51041008
ca658d6e-7a26-4d4d-a270-153545e8d33d		1	705115006	446609009	127347009
474825ac-92c2-4c57-a0cb-288ae667dedc		1	705115006	446609009	295995000
486c8500-424f-459f-88a9-3013e18ee116		1	705115006	446609009	210992005
215f5351-642a-4587-b661-c6aa40713e51		1	705115006	446609009	40119006
b37c3076-afa4-46ff-b134-ef69b4c578df		1	705115006	446609009	34958009
497c7234-ffec-4964-9982-37a9cf4233d3		1	705115006	446609009	230744007
80becbb7-8375-4aa9-ac74-e63dd72e5bb7		1	705115006	446609009	290133008
71ca5c19-8e8e-48d2-a90b-05fe1db586b8		1	705115006	446609009	293190009
1ab9a3f3-1999-4d02-8b02-46398faf3a33		1	705115006	446609009	211041007
f8e2f383-19ee-4f16-9595-0dcf90ba29da		1	705115006	446609009	213121005
82da905f-c36a-4353-a588-96803eaac248		1	705115006	446609009	295502003
91df7ddd-a014-4219-bcd3-f4163534361d		1	705115006	446609009	212809004
99442611-e6b3-4320-8100-d8050272352b		1	705115006	446609009	293288004
3271575a-46be-436e-994d-63c263b1a7e6		1	705115006	446609009	447404002
fc7785d1-7c10-4533-878d-5b37acfa0374		1	705115006	446609009	293347001
efa9d59d-cf0e-4a33-9eed-ca5feca1af70		1	705115006	446609009	292106001
6364143c-4d60-49b7-988f-d56a68eeef53		1	705115006	446609009	44961008
e15195d8-a65f-4eb1-89bb-1d5283220e54		1	705115006	446609009	89684003
aa33d561-8810-4a0b-ba45-070faddd790e		1	705115006	446609009	274170000
ec0229b4-ffc3-47c5-8350-fce069394ff4		1	705115006	446609009	296577003
a8639b7e-14fe-4e9c-a19e-f0fd8320e27c		1	705115006	446609009	213074003
be09faba-cb70-4ccd-a3de-c7b767ad85d9		1	705115006	446609009	211059005
3121a35f-89e5-48a6-a9f8-86f608b1740e		1	705115006	446609009	212117009
b4e46e00-6532-43ee-bd61-e91afb418965		1	705115006	446609009	55680006
b38eed76-b362-4c1d-89e6-cf41ed0578f9		1	705115006	446609009	274181002
26d48f84-5cba-4d68-a87f-266b8b059fcb		1	705115006	446609009	86772005
5860c381-1875-4844-91c7-3b558677bdf6		1	705115006	446609009	87970004
7bf82e0f-6675-47c3-9f9e-29c6cae9be06		1	705115006	446609009	218498003
ed83ea40-78ec-42a0-89a2-c60385dc4dfb		1	705115006	446609009	211104009
cbcc57d0-c6d6-4385-84e5-4a6f445ddff5		1	705115006	446609009	1308001
fa3a83c6-7b54-4783-aa15-c9c28e381ab1		1	705115006	446609009	52425001
0457b437-f922-4f97-a92b-8daeb62f26a8		1	705115006	446609009	212089000
85a297c4-e3db-406a-b073-df62221f9969		1	705115006	446609009	212099005
257a0134-9e64-40fd-aed2-b7e295e8a606		1	705115006	446609009	292163006
67fd3433-79c3-4fe8-b3a5-220bb6e9111d		1	705115006	446609009	296896008
2da664e7-43b9-49cb-a261-a597243cb9f9		1	705115006	446609009	271141008
b2820910-2175-433f-bb2c-60b1f983422e		1	705115006	446609009	34124000
f2939158-e25e-4e67-bd1c-c9ea70dd7cff		1	705115006	446609009	291969008
f014000f-7c89-434c-b5d2-45f16cbf316d		1	705115006	446609009	241954008
36539564-9365-46e9-9c2d-13a57aec7db2		1	705115006	446609009	20659000
b6f7d1c7-1cab-48de-946c-bd84ac90ab51		1	705115006	446609009	58797008
8643a75e-065f-46b4-8b30-91023cea8f27		1	705115006	446609009	23697004
28feb55e-bb46-4778-bea6-1119fa14c8e4		1	705115006	446609009	262877000
fa7c8fd9-b2fc-4f83-9105-7609b52d0570		1	705115006	446609009	212098002
8f7978a6-70ae-4278-8b2a-a7983ae76c5c		1	705115006	446609009	295524003
e0deb88e-b2d5-481d-b158-6efa3d70dfd4		1	705115006	446609009	241934007
b826eed5-d656-441f-ba80-9d621892d181		1	705115006	446609009	210448003
83c592e3-e735-4ef4-9835-5bc18fe8865e		1	705115006	446609009	62329009
877e82f9-4bbb-40e6-8211-bc908a2fd723		1	705115006	446609009	40947009
7a438abc-d00d-4329-baeb-0273bf5e51b1		1	705115006	446609009	443153007
5852a96e-4f8b-47d1-86a9-74753cccd7fe		1	705115006	446609009	269117007
4b7ddec2-76d3-40f2-a5bd-a4f85fc7a190		1	705115006	446609009	295161000
6dd5225f-3f88-4b0d-9148-80b651e6558d		1	705115006	446609009	292052006
1b67b891-bff9-4129-bd10-36a06b608ea3		1	705115006	446609009	212095004
152e0fe3-cdeb-4342-b750-f117989c2ff9		1	705115006	446609009	73948007
d65bb6c9-642a-49ff-a1c3-de5615d02f6e		1	705115006	446609009	6500006
7e27db8e-2b88-45c7-bdcf-1d566f40801f		1	705115006	446609009	21643007
684c4939-b0d7-497e-b55b-de52059c5ef2		1	705115006	446609009	234228008
d127e7e6-390c-4713-996c-51fd8ebf331e		1	705115006	446609009	87266004
6b3e9740-d328-4819-9638-638a737135ca		1	705115006	446609009	285961000119107
e6e094c2-8c12-40e1-bd81-95d9deaa58af		1	705115006	446609009	212100002
6d494015-5f36-460e-8607-f6cabca7201c		1	705115006	446609009	420187006
02b6bb8f-0f97-4705-bcac-78341e701302		1	705115006	446609009	213126000
8efa7032-6582-4c82-a858-f633c16317de		1	705115006	446609009	69920000
c52f535c-e0ba-4e4f-80bc-e8d16957e3bc		1	705115006	446609009	212111005
d9ae0e67-7885-4b48-89da-1ad91cbc6471		1	705115006	446609009	235923000
e6a2e6f4-705f-46c8-b68b-10126b8e54ac		1	705115006	446609009	293125008
8729a864-eb10-495b-8ded-ba0b2a7230ae		1	705115006	446609009	111772000
9eddd665-f836-49c2-b823-fa4d65958bf8		1	705115006	446609009	291958005
a32db34b-83a5-420a-ac57-4a1123544bcf		1	705115006	446609009	291473001
765e85f8-3566-4715-9ebd-7eccfbc1af83		1	705115006	446609009	67426006
65500935-5426-4703-b284-4e2236ab0e5a		1	705115006	446609009	4771009
cbc9024a-7e21-4acc-9693-34ad62cf5577		1	705115006	446609009	210360003
f03cf4b1-6d51-40d9-8d5c-66ffa30a40cd		1	705115006	446609009	292673007
56b1a3f1-9b76-4d40-8af8-8d0d3d843b82		1	705115006	446609009	295124009
443f9b40-e47d-478d-8de1-2d3af2f8bd09		1	705115006	446609009	17383000
eb93abdc-3899-4ce1-8b3a-0ea488162eb9		1	705115006	446609009	23287003
ef8c8b31-7b9f-43d7-9033-21c5e3960211		1	705115006	446609009	287141007
549c4a27-9521-4cce-84c2-914293364b1c		1	705115006	446609009	66050007
b52003d1-14c9-4dc3-b8df-b88ec51de519		1	705115006	446609009	295889000
44066cc0-6dce-4788-b014-43891370b91d		1	705115006	446609009	473011001
50e4f204-4956-46b5-a7b0-29440227f05d		1	705115006	446609009	217677005
2e1cbdf8-931f-4dc3-bb17-58a2181a52be		1	705115006	446609009	89797005
991c0f7b-49cb-4a13-bee8-42d7610aef6a		1	705115006	446609009	66466001
ade6edd0-4145-4697-b5cb-f120d62bbd1c		1	705115006	446609009	293075007
9a1ed18a-c954-477e-b822-41fcf5aaf556		1	705115006	446609009	296300004
6f3cb4f0-e9f5-467f-a685-8e52e1c63592		1	705115006	446609009	39579001
d6278e53-6204-4266-a42d-7cc4d2101572		1	705115006	446609009	211048001
ddf20a86-19b3-4a28-b7ef-88ddafc72c27		1	705115006	446609009	79369007
3e692256-e0e5-4051-ada4-c64af87c4cbc		1	705115006	446609009	212120001
3eb0b4bb-3914-4341-8f0c-dfe1d5c585bc		1	705115006	446609009	241786005
f2b5ef1e-6e0e-4149-901e-9da5e221106f		1	705115006	446609009	429515008
8937a0c4-2f6c-49ff-9120-9a922312bff7		1	705115006	446609009	296417005
3071a804-2e4c-406e-8d1b-08df9b56ee75		1	705115006	446609009	235677003
5f10c897-8409-43ea-b78c-20b07fcb0d24		1	705115006	446609009	293383005
ef6df650-a917-4316-86b8-ddc7124cb536		1	705115006	446609009	271976009
86278608-1cfa-4918-8812-c8aa87918b4d		1	705115006	446609009	211649008
ce7a7376-796f-411c-904b-e92011b6957c		1	705115006	446609009	52072009
1bec02e1-ed51-4525-b3da-109297390ea9		1	705115006	446609009	439965000
7c3088c6-8b73-463d-9c5a-5c035953c86f		1	705115006	446609009	211051008
28a671d5-9c6b-4794-ad53-0ae7692002cd		1	705115006	446609009	282463003
6702ec4c-2f0d-4177-a731-43427bc0f7bd		1	705115006	446609009	12979003
113c8795-9d61-4b91-b810-92908ece7d02		1	705115006	446609009	44003006
349ab0cc-daaf-428b-b40c-93b09dc7eeba		1	705115006	446609009	12519004
232d1f2e-baf5-42d7-a377-7e4d13b4b854		1	705115006	446609009	212124005
bd282627-843c-4517-a69f-e101dd934155		1	705115006	446609009	212082009
bcafd816-7f2b-43e6-b04c-82647a0fd495		1	705115006	446609009	212110006
93243fe9-4bea-4974-a50e-88ac2504411b		1	705115006	446609009	211106006
a53a543d-69df-4b7e-89c0-442c0cfceb91		1	705115006	446609009	53126001
4398c6c5-2f1d-4b69-9ef4-e0a0e75e3f9c		1	705115006	446609009	296187006
876d3fbe-02c3-46be-8218-8ed5a3a9b9ba		1	705115006	446609009	219088009
1ae84352-0371-4fd3-b5da-9619e7ea4311		1	705115006	446609009	212065007
f27120c6-3f2e-4702-b552-238024a52e75		1	705115006	446609009	110183007
282d88a9-6cf2-4ef9-a8d2-998ef379432d		1	705115006	446609009	282088003
cc913b9c-f6f2-45ef-9919-9f5ca194d054		1	705115006	446609009	262809001
78da8c96-791c-4be9-ab55-ca36d0931676		1	705115006	446609009	212066008
b804a899-45c2-482b-80b2-8d51c0105c33		1	705115006	446609009	296290006
9ad1c9f8-97b3-4731-9564-7523f623444e		1	705115006	446609009	42032008
c1e5f036-3322-4d9b-a5bc-07e2ca97bbde		1	705115006	446609009	210361004
5dbcdc7b-c5b2-43c5-910c-e2dbbb0dd846		1	705115006	446609009	139741000119102
d55f5303-0983-46b8-98b9-e32ea0397077		1	705115006	446609009	402413008
b9ddb44c-a43a-4a07-9316-e09c49f9711e		1	705115006	446609009	212453000
67206eef-a93f-4754-8a02-fe9bafbcd4e1		1	705115006	446609009	110168002
0503211a-3765-41a6-b38b-1bad3f4112ae		1	705115006	446609009	125588009
a39afad6-e92a-4aa0-845a-fd393065c022		1	705115006	446609009	110187008
939c6a70-3f06-4ae1-b3f8-1c48a669564a		1	705115006	446609009	33211000
b6a7935e-d0b8-488b-9063-06c67a38c19f		1	705115006	446609009	262799001
458e81b4-00e1-4029-9ef6-9079801160a6		1	705115006	446609009	213026003
c7f6e8d0-ca09-4ea5-9d15-d2c33e767125		1	705115006	446609009	213195005
bfa4fb78-b64b-471a-924b-3ffaf7510734		1	705115006	446609009	38966005
4be301d8-0694-4f6a-bb32-d5fba0c29ada		1	705115006	446609009	29084009
87820445-cc24-4211-883e-8217e243cd3a		1	705115006	446609009	69820004
293bc403-09ac-40e9-b92d-0c2cf7e138d3		1	705115006	446609009	212715006
8647a18b-2f48-4914-b33c-efe67e352bec		1	705115006	446609009	297087001
b7c73921-bcee-4cfa-b35b-0152c8f55182		1	705115006	446609009	296882002
0d3aaaa1-a387-4d1b-a817-6be194c842ec		1	705115006	446609009	44532001
eb134def-19fc-4db3-b867-24e374d58bca		1	705115006	446609009	296305009
02fc6973-46c6-4c54-ba4d-56cdb23451c7		1	705115006	446609009	296790007
a17a57b9-8bd0-4db0-a38d-a9174e7db56f		1	705115006	446609009	66829004
69809f59-e945-40e0-83e1-4893270c57b4		1	705115006	446609009	283916003
eefaa66d-15b0-4566-a133-ba649e96b7a7		1	705115006	446609009	234194005
da773a35-7a79-4d99-a11c-65cf3125189e		1	705115006	446609009	67987005
a6ba165b-f757-4535-b007-191af69c6c36		1	705115006	446609009	296905001
2f1c83cc-7295-47d5-8b79-0432e611ad9c		1	705115006	446609009	90808005
b7b60e7f-2d1e-4c92-b1cd-dd650ff0778a		1	705115006	446609009	283129004
e19e21cb-43c3-40be-b2ad-8bae88d8a5fa		1	705115006	446609009	269275003
95c7819d-00a6-45ba-b078-84955d9e83e9		1	705115006	446609009	211050009
97258fcd-8a76-4f25-abf3-de8c789d3764		1	705115006	446609009	262873001
aa08f088-ef04-4f93-91b5-3564a143b2fa		1	705115006	446609009	274920002
f8e1738a-5157-4245-aa44-33062a0b79d8		1	705115006	446609009	210438000
0be945d4-c183-4979-b19a-34cb667ee4fd		1	705115006	446609009	236583003
9be4a294-b0bb-4fb9-860b-0e3889afa1b8		1	705115006	446609009	286620007
aea913cf-aae1-43e9-8934-71f4f3ddbd45		1	705115006	446609009	283952004
89cfb533-27b0-4e94-8f1d-bde7f1b227be		1	705115006	446609009	292419005
955fcab6-dfe9-4792-b906-d10699f90c65		1	705115006	446609009	290411002
2642466e-b792-40fc-b484-a1a1c7204a56		1	705115006	446609009	74402000
a0f14dc2-31c2-48f5-bee5-51382e096cb3		1	705115006	446609009	314760005
04012f8e-ad84-4d92-9987-59005822603c		1	705115006	446609009	283945001
53e05856-4c61-41d1-800f-a35e49ab0052		1	705115006	446609009	297062008
bd9193fa-103d-49ea-b5ad-4334e2a5eb77		1	705115006	446609009	296547009
1e93bb9d-bdd5-4c95-9e17-3257fbc28449		1	705115006	446609009	38978009
19fd49c3-2d95-4261-881d-35211107a4cc		1	705115006	446609009	247444006
aa2f00fb-3c59-4710-b619-0403ae91acd6		1	705115006	446609009	35510002
071003d9-0956-46f0-8989-843cce4bf314		1	705115006	446609009	296451009
d638d806-9ace-4908-9be0-6d5510f8708c		1	705115006	446609009	212105007
fde3770a-e61c-499a-a193-6cdd40a3f06f		1	705115006	446609009	296957001
d49cc5de-6cc6-4083-be63-12cf00b10422		1	705115006	446609009	241754000
d9915312-380a-444f-9981-fa642808c893		1	705115006	446609009	241977008
05277f82-3411-4fdc-b888-8609a0dbde79		1	705115006	446609009	296853003
68367ab6-c525-47dd-b52f-25976443e423		1	705115006	446609009	111764002
1a0502f5-f169-4f00-8295-45839de348e5		1	705115006	446609009	81116005
085a0f14-f6b3-46b1-9e14-1d05af0f4239		1	705115006	446609009	11925005
b76132da-1bf4-42a0-ba76-ef3091ebf064		1	705115006	446609009	234235000
0bae0088-bc67-4c54-9457-d11fd8e9f136		1	705115006	446609009	60348003
cef56e01-3a25-4270-b7f8-ede254573f32		1	705115006	446609009	4308002
038dfdd9-c18f-41b3-be67-ce89fb8923d0		1	705115006	446609009	425359009
2a90e354-4931-487e-8ec2-195ebea615ae		1	705115006	446609009	403676009
341c757e-6286-485c-836f-29c63e9f6932		1	705115006	446609009	2935001
f276a88d-e135-4553-91b4-ed75a561cb45		1	705115006	446609009	283447004
31e31d1e-4f83-4c87-8952-d3b90f34b68f		1	705115006	446609009	292302009
5856af27-e3af-43e5-8688-9940b8f12bd7		1	705115006	446609009	287139006
eb2e2f0a-588d-44c6-aec7-c8e5e6e3ba5b		1	705115006	446609009	428575007
c0b87c3f-a160-44b5-b9c0-441a16998b75		1	705115006	446609009	269120004
a09981f1-69f4-472a-8c04-09eea56c0d3f		1	705115006	446609009	211012003
6e5dbb8e-550b-4619-8638-ade7873e1169		1	705115006	446609009	700052007
632c97f2-4141-43a7-976d-ffd015556402		1	705115006	446609009	58849003
c21273e1-3117-488d-8237-e92c4b85f347		1	705115006	446609009	212706004
972977d3-2dff-4876-868f-509b3957addb		1	705115006	446609009	67781003
04838160-263c-4385-9c60-b51bbb514bfd		1	705115006	446609009	296779002
539521c3-cad3-4791-9388-5c1c0d35249e		1	705115006	446609009	110250005
bfac288f-2a60-4aff-af88-09cd2ddc16ee		1	705115006	446609009	13187008
071ce54f-8235-446e-a9c3-5775eada6a78		1	705115006	446609009	212096003
f1102b2e-6286-4585-80c1-1d54a3f749ca		1	705115006	446609009	292181009
3dec9f1e-5d0a-4ffd-a06f-5e77004a52ab		1	705115006	446609009	212926006
b189ec47-cbfd-41d1-8d0a-303a9eb48831		1	705115006	446609009	7201003
60a203c9-c6c3-468c-9a57-9cd81e838a03		1	705115006	446609009	213192008
4366d692-6043-4547-a2b7-4940ea8b18c0		1	705115006	446609009	49020008
115572de-3483-493e-8460-473e907fc746		1	705115006	446609009	445145001
9f5cfd43-7b83-48f1-80ec-c8797fdce8d4		1	705115006	446609009	90806009
bd8e7bc8-ca6a-42aa-8b42-5b001012edc5		1	705115006	446609009	100751000119101
efec79bd-984d-4b34-b9e7-053852ce1f12		1	705115006	446609009	9982009
139ce439-31f1-4110-a1a8-8877a6056bb4		1	705115006	446609009	269722001
8e1e1ece-fe7a-4695-9313-7521bdfe218a		1	705115006	446609009	283363006
aea3c497-27ae-496d-9881-bec502d3c644		1	705115006	446609009	429362002
0d89f4a7-b53d-412c-9e82-2f2ac8c0caba		1	705115006	446609009	449288005
84595d7b-f338-4c45-b4cb-8ceea122a31f		1	705115006	446609009	282064000
5e85134c-25b4-4e13-b506-14385a19fdf3		1	705115006	446609009	127308007
89675c9b-bc11-4010-8815-cf45baab273e		1	705115006	446609009	293243000
ab289d9f-5ba2-4708-b634-8053e61f6c4a		1	705115006	446609009	236574008
20eb1f33-2827-4846-9e78-cec45ed6366f		1	705115006	446609009	447688009
41d8d2f5-7740-4f38-8f2a-1b3d586cd890		1	705115006	446609009	85337000
eb1afaeb-f65f-470f-94d6-67fef284bbea		1	705115006	446609009	210100006
85210722-40c1-4e84-afca-dc5876cf64d6		1	705115006	446609009	292847000
a0634e03-01e6-4dac-bb22-badd260935e2		1	705115006	446609009	23713006
aa3eeca4-94e2-4e19-90bd-80ac08364f9e		1	705115006	446609009	296788006
27603b9e-d541-4a4d-bb32-6091c5c8beaa		1	705115006	446609009	292255000
8869d8c4-176a-4f26-b175-17d23b69c55c		1	705115006	446609009	301453009
8cb8d812-2193-44a8-964e-ef5ae1ae3fcd		1	705115006	446609009	95872005
6ec07861-b332-44cd-bca2-e16e84fcf5c1		1	705115006	446609009	218799005
04329b64-a4a8-4390-8cfa-8fb22ce836d7		1	705115006	446609009	370402009
d3ef90e4-c21e-471e-911d-79ac04e0ba70		1	705115006	446609009	48689002
e480af3e-e99f-4cf2-bd76-8b408efb30aa		1	705115006	446609009	283115000
30690203-1215-45f9-9037-66c788a8d9d9		1	705115006	446609009	293451000
dae69156-f3ea-436a-af03-e1e6353fd3f8		1	705115006	446609009	36533005
c8545357-795a-442b-a5ae-9a247212ad53		1	705115006	446609009	296412004
c5294c92-a957-4ef3-a418-0da0d4a0083a		1	705115006	446609009	292343009
67358e48-26e9-45be-b8b9-9e04623a259f		1	705115006	446609009	24300005
29540630-1b5b-4d01-b93f-935316ae2b94		1	705115006	446609009	7680008
7346c720-9747-4e97-849d-42db92cdbdec		1	705115006	446609009	212079004
f1059ad8-eb40-4b67-aad3-7e2a56d842ac		1	705115006	446609009	55308005
85ac96ec-a7b6-463d-b84e-253cb4ab5239		1	705115006	446609009	275456000
cc69c814-ec3e-4ea0-aac9-aa05547b3733		1	705115006	446609009	62564004
964b021b-c420-42da-be1f-06fa7cc5b605		1	705115006	446609009	262871004
28ae612e-51cd-47a9-8381-0622e31301c7		1	705115006	446609009	111748005
01294d01-6a74-47c4-a6ca-7eb69c60f488		1	705115006	446609009	125666000
327f6158-18ab-4394-9ce4-d04725a5fc7c		1	705115006	446609009	62014003
d0bc3d03-0f30-4fe3-9735-41c50447921a		1	705115006	446609009	447374000
b4311b14-7370-4304-bafb-bd23e3776d19		1	705115006	446609009	292111004
84c7bda3-622e-4810-ae84-015319cd6c90		1	705115006	446609009	86660005
8ac0f9a9-6bd1-4d41-81ea-d5dd2ac834a1		1	705115006	446609009	295431001
82eb1498-498e-44af-a604-ffcf5a92726d		1	705115006	446609009	210364007
2ca9f160-e5a1-412b-b725-6ff367e86d3d		1	705115006	446609009	235911006
138a1faf-b5c7-4670-9445-db74603f7f32		1	705115006	446609009	42894006
3d4bde55-fa88-4635-a708-8979ed12d45a		1	705115006	446609009	440368003
c5fe11ae-9733-4409-bc97-4ff5ddf050df		1	705115006	446609009	212061003
0cd116fe-7f19-4331-b10b-925919ca6772		1	705115006	446609009	292491009
d0a48f16-e7c0-4491-9f6f-3140632aba76		1	705115006	446609009	295122008
79385570-c3bd-4a04-a49a-91668e39fcb0		1	705115006	446609009	292994007
6f6d4701-153b-4720-941f-9924255c9f67		1	705115006	446609009	293462000
1007dada-149d-450a-854f-ba4098a79d42		1	705115006	446609009	302985004
cbfe5f26-787a-42cc-a9f8-9d026973d571		1	705115006	446609009	293136001
5e443a99-199c-4046-9efb-0bf7e8d8e111		1	705115006	446609009	360444002
2cfac5ac-ea1f-43f6-82ea-428cb2691015		1	705115006	446609009	212122009
f30c3716-425c-4976-9051-2817f0f82fc2		1	705115006	446609009	282452001
8d5d2dd1-689a-4194-a028-7b158f685c15		1	705115006	446609009	271111006
a47856ad-b0a3-46ed-8ae3-3774a846cbc0		1	705115006	446609009	95742008
c66470e1-4efe-4261-ab8c-e1227287bdb7		1	705115006	446609009	111692004
7e22dfd9-9607-4b82-a6e9-928592dd9868		1	705115006	446609009	64647005
fd712bd0-1cb4-494a-987f-c0f0049f0b04		1	705115006	446609009	419901001
54650f93-5be6-4e6f-88f8-9f5b17946e74		1	705115006	446609009	292853000
2c0b7784-eb5d-462f-ad7f-1bb771164688		1	705115006	446609009	371708003
b0da1a8a-84d6-4ea2-b629-38873368b487		1	705115006	446609009	429188006
f83082b1-7bc3-4791-9019-fd21728a65ad		1	705115006	446609009	212086007
56353d37-a943-43a6-98bc-a0d55c7f9c64		1	705115006	446609009	399963005
beb7787c-d67e-48c3-80c4-35f956af5aae		1	705115006	446609009	2245007
34984e40-e776-4f8c-a0b5-e430ff1d2768		1	705115006	446609009	235698003
197f5481-9acd-472d-b5ef-f7aad62e4222		1	705115006	446609009	291422009
ff198877-1acb-4377-82bd-e33eefc094ef		1	705115006	446609009	202888004
618f9dcb-4d0f-4d06-8ff0-a78705794ae7		1	705115006	446609009	292196008
02cbf0eb-39de-4ac5-a901-1e1adf08ba8f		1	705115006	446609009	67893003
ecd7e18f-240c-4857-8284-fa187f996ef7		1	705115006	446609009	125667009
bb976bef-45ac-4c89-b342-d933af394eb3		1	705115006	446609009	24346005
1f91cea8-84c2-43eb-b485-1a46a9a77a77		1	705115006	446609009	49450009
2e69ad22-312d-416f-bed8-cd8319ff2e36		1	705115006	446609009	284188001
281a6036-1109-4008-9e4a-64a6c1b880a0		1	705115006	446609009	282076000
2c21d9df-710d-482c-995c-dd2401801a21		1	705115006	446609009	423062001
c5303507-2d22-46dc-a870-5aee63e89429		1	705115006	446609009	293432006
1257063d-e59f-446c-b155-fb89d44001ba		1	705115006	446609009	291338004
36b9fadb-b38a-4019-b8a5-4c1995850793		1	705115006	446609009	242005001
2fb71346-c957-4d7d-84ae-565186e5cc2f		1	705115006	446609009	234520000
fc4f7c0e-1a96-4ec1-b4e5-f8a4e000c409		1	705115006	446609009	210989006
d995272a-6226-4003-b5bb-db84552c5c6c		1	705115006	446609009	262855004
a389e505-8fe4-440c-982e-be8b9f22e360		1	705115006	446609009	127305005
bdee9911-b6f5-4358-8b55-269b540ea041		1	705115006	446609009	125587004
dc4aa128-d428-4196-bdac-f87e9cfa2ae6		1	705115006	446609009	292483000
d50b362a-97a4-45b2-9ae5-179680318107		1	705115006	446609009	47609003
ee796167-5f80-4116-a079-bed425b94db2		1	705115006	446609009	293344008
1e855300-607d-4c0f-a906-3b4581d0cbaf		1	705115006	446609009	295943008
c02d8476-e659-4289-b32c-03d9b20308c6		1	705115006	446609009	236578006
47239a3d-0412-4413-add3-32e8932ac790		1	705115006	446609009	292799005
7420e83d-8b2e-4972-a77e-571006f2a6f5		1	705115006	446609009	83587009
4cb49f24-90eb-4e71-a9e9-e2ea047be4b0		1	705115006	446609009	293116002
9594ba0b-9b06-4757-9812-3468939a1513		1	705115006	446609009	212060002
e8133603-742e-425c-910d-2f3883e1ba30		1	705115006	446609009	209565008
dfaa597e-3ae7-4ef9-8155-ad929bf681b4		1	705115006	446609009	283039007
189529c4-7b7c-4890-94fd-e83bf12b2cd8		1	705115006	446609009	80433004
37023545-35bd-4294-83f3-cd8afbea33a9		1	705115006	446609009	8824003
3c399f5d-a453-40b1-856d-385bce04632a		1	705115006	446609009	211055004
df3714a0-3331-45a4-8bb4-f6d02f14518a		1	705115006	446609009	232376006
080c06cf-5c09-45b1-9f4b-b309f2f5128f		1	705115006	446609009	292443008
2c8b6b21-9366-4b83-b157-8ae1dbfd72f5		1	705115006	446609009	417713005
1eab1f74-86d1-442d-9708-93d5bf070d9d		1	705115006	446609009	28398002
06ec8b5f-8981-4b80-ac61-aaf96cd58585		1	705115006	446609009	293331003
32fdb2b8-9869-4ee8-8b80-fce4640624bf		1	705115006	446609009	213063007
1b7833ea-eb62-4e37-9d18-46833334dd80		1	705115006	446609009	22045003
c4a90ee0-77c8-4b5a-b0df-387ba450f3d1		1	705115006	446609009	426284001
8a7023fa-aee1-4389-a167-b416d9691d85		1	705115006	446609009	370509002
23aa3dbe-8d49-49a8-ac92-3707b7908f84		1	705115006	446609009	428102003
6b9a635f-12b7-4778-affd-84bd279a9c83		1	705115006	446609009	431043000
bcfdaad1-25f9-4a49-a93d-a8fc5a9a2c39		1	705115006	446609009	293379005
384957f1-7676-4196-9301-7cf12e786ff2		1	705115006	446609009	5309003
b1110357-b40d-44d3-ac80-07503916d0ea		1	705115006	446609009	218613000
f890b830-7059-424f-bd96-1947496d543c		1	705115006	446609009	212112003
b84a6cf7-11be-4dbc-9f6f-701bf672f35e		1	705115006	446609009	210329003
81cecddc-b122-4828-971a-f29006853c7c		1	705115006	446609009	70226007
7f0f9414-7ec7-4256-b9c4-fdf5e5f04480		1	705115006	446609009	283025007
a313982c-c53f-4a8c-a8f0-6be3046cf02c		1	705115006	446609009	290752007
7b8258a5-3d53-4fc2-a0b1-ca42996d8287		1	705115006	446609009	212101003
44cf928e-4658-4fb8-99eb-f3a42591e91e		1	705115006	446609009	275274007
1da0a9e9-f7df-47b8-87d6-31a5f46ea171		1	705115006	446609009	295495008
b82a1b83-5573-463a-8b97-691da4d2829a		1	705115006	446609009	299971005
09599300-b687-473d-92e8-835535aa6f7c		1	705115006	446609009	47988006
81bca9c4-7685-47d4-976d-b8572ec2eaab		1	705115006	446609009	211060000
f3d1f69b-be4c-46ac-ba71-db3b409e9c42		1	705115006	446609009	125640003
373bbc61-4e56-4165-a656-5a823a514798		1	705115006	446609009	292293005
0e6723a6-0c9b-4af7-b154-5eb374973054		1	705115006	446609009	262693007
2422850b-751c-4fbc-bf53-f0662eeef0bc		1	705115006	446609009	89720001
027c09ad-9f97-4e18-9d90-f42a76ae8161		1	705115006	446609009	263015006
ee869f99-17e6-4fe3-86b6-1165d3057b16		1	705115006	446609009	241952007
304cc704-6f27-4209-a2da-02c6be0ad723		1	705115006	446609009	43566003
e5a40f1a-9cd4-4045-b9b7-5d8aa6b82e25		1	705115006	446609009	219075006
ab5052fa-0901-4984-984b-5f94b0887818		1	705115006	446609009	295400008
838a2f61-9454-4037-acd6-6a6c46b8818c		1	705115006	446609009	313261004
9ef491e2-08f5-4103-8899-de336b30a1e3		1	705115006	446609009	212072008
a0eed7f3-4029-48e6-8361-c8e2c68443f2		1	705115006	446609009	210395000
07ef3ffc-fd3d-46ae-b381-ecf28aff84a9		1	705115006	446609009	46878002
638ff38b-544b-44c5-972b-121d81bcaef0		1	705115006	446609009	292739008
743f6fff-7a02-4cc5-8c91-e966f7ae7586		1	705115006	446609009	211067002
822e7cfc-66a2-4519-8a23-349123629583		1	705115006	446609009	86505009
ae910aad-26d7-4633-8fdd-376c27254391		1	705115006	446609009	87900003
5aaed533-6ef0-4c89-b7a8-7cd68b812842		1	705115006	446609009	296372008
bc4948f3-ca2b-4259-9637-7612a02f19cb		1	705115006	446609009	83722004
17478a51-7fd7-4331-9950-d8857d5e6789		1	705115006	446609009	86068002
b6a8b008-dc72-48ae-a2b0-2767e2a73862		1	705115006	446609009	62025007
14aa6fce-7aae-4d68-8cbf-8dd0190412b7		1	705115006	446609009	14380007
796f2320-14a9-4eb3-8c52-a359d2159704		1	705115006	446609009	103841000119102
efebad02-7f2e-4a66-a13d-6fba490976c5		1	705115006	446609009	38342005
5b3f903c-3459-41e4-b7dc-f1529948ff4f		1	705115006	446609009	441737006
f9332257-de85-4b34-8115-2d61b1c164bf		1	705115006	446609009	61803000
a3235b7e-d003-4314-a0b1-41bf097af07c		1	705115006	446609009	46298002
0005ccb4-20a3-44e6-b5a0-4c3033a42ff2		1	705115006	446609009	292275009
6b43ca09-a48d-47e5-bd8d-8efc590248cf		1	705115006	446609009	307230004
61fcd04b-6007-4341-8734-5ebcb26f908f		1	705115006	446609009	213038007
56421497-f3a0-4ba3-be1d-3bc52774e40c		1	705115006	446609009	282459005
1891f959-065e-40b8-a032-1653f0efd045		1	705115006	446609009	237573009
8dbe30cc-0ff2-43c1-8910-334f333636d4		1	705115006	446609009	271120002
165ac7a1-8fbe-4143-a6db-86be17baa37a		1	705115006	446609009	66962008
c477a664-12fe-47f3-becd-cda01a3fa4f0		1	705115006	446609009	110188003
c045ed3f-271d-45f2-a546-30ff9bb12f9f		1	705115006	446609009	37131007
333ce846-2727-41ba-8966-fcb2bc03e319		1	705115006	446609009	212718008
e4b5ed27-38b7-434f-9a9a-8ae53fa93a5e		1	705115006	446609009	116224001
96c3b07a-f788-4c3e-9c46-922be2c92d3f		1	705115006	446609009	48534006
94d9e083-9b9f-4d14-a42a-6476575d0618		1	705115006	446609009	7998009
6045253b-974c-45e8-b79f-1ccbef9ab6fb		1	705115006	446609009	431028002
86e1b567-262c-4c56-982b-3f694660f58b		1	705115006	446609009	292041000
86a0c091-4f22-4eeb-8039-09c1601751cf		1	705115006	446609009	271983002
b782fc3b-d425-48b7-b630-da25d22ef923		1	705115006	446609009	56836000
5842cc1f-057e-44de-8c8b-6f31eea8eae7		1	705115006	446609009	240270007
c4b6ec39-9a9f-4a50-9fc1-5b3cda84a611		1	705115006	446609009	293104008
62f7a8d2-8276-495a-b568-892c19b6cca2		1	705115006	446609009	41291007
acf4764a-9dd0-489c-be01-c655d95a0e42		1	705115006	446609009	211062008
44433c9e-0adb-4594-a35e-ee6e8a1bfd99		1	705115006	446609009	297006008
663f6914-dbc5-454a-84bf-01cf975f9e94		1	705115006	446609009	292319006
0198eedb-e1cc-4f56-8a66-4658373694d1		1	705115006	446609009	292386009
e0451733-2309-45a4-ba04-d24e452873d1		1	705115006	446609009	210345001
bc179c71-75bd-47cc-9063-7a673ba2e3b6		1	705115006	446609009	283508004
09d1b917-f2cb-4c11-898c-d99596c55940		1	705115006	446609009	10920005
a4927d09-4f79-48ca-ba5f-554dbcabfe3f		1	705115006	446609009	211064009
72947abe-bdb3-489d-8ea9-2ed1b66fb649		1	705115006	446609009	110184001
90a2ab14-f039-43bb-a34f-1298779e37d2		1	705115006	446609009	241749009
e4badb15-9cbb-48fe-b80b-6aec929b30a8		1	705115006	446609009	62106007
04fa8ff6-b098-4891-9e8d-98db3d407c5b		1	705115006	446609009	292679006
b4eac9b8-746a-4a2f-b5e7-cfd0fb2d18db		1	705115006	446609009	428864001
ce50701a-a996-43d4-9d9a-4522a3a86d21		1	705115006	446609009	72998004
6de22f00-fbbe-4e9f-afb4-b68a13a20f84		1	705115006	446609009	283053007
d1a9662d-9660-4175-9596-931b6185ca73		1	705115006	446609009	239187005
d0a6878b-4fd1-478f-b48b-619b1ce3b52f		1	705115006	446609009	10984003
be81bd4e-d4cd-4b59-affa-09895b1bb389		1	705115006	446609009	211791004
8882da81-4fb8-40f3-9fbb-b0c92a53283b		1	705115006	446609009	385494008
9a731242-ae36-4e86-b3c3-cc85ffc70a5c		1	705115006	446609009	426950009
afe2c891-af9c-45ca-865a-c5022e214aa6		1	705115006	446609009	37869000
37bd2b07-dc71-4424-b950-a851e80fde26		1	705115006	446609009	295123003
4bf7e31b-3106-4a14-acc4-b8bdbd37b3f4		1	705115006	446609009	18337009
0fa4d8f9-6491-4a42-94c3-3b6415997d99		1	705115006	446609009	296301000
a6f30fc3-9f73-4927-9258-3b7b8dc0b70b		1	705115006	446609009	4069002
50b43902-89eb-4f74-a83f-9839825d1d81		1	705115006	446609009	225553008
bb62592f-a1b8-4611-afab-f2e17a3fbc48		1	705115006	446609009	234197003
a2a6c713-6dd1-4e1b-8fb3-a77532dcdb13		1	705115006	446609009	53153002
045109c6-676f-43ea-a690-07ea84b02460		1	705115006	446609009	292314001
53ad76b5-9d88-42f2-ae5e-6677a62df647		1	705115006	446609009	296926001
79732b24-d314-4fb7-9e53-a27012b423ce		1	705115006	446609009	296053004
09a42ad1-59e3-4aa5-aec7-5c34e08ba82e		1	705115006	446609009	49891002
306fa4bb-2140-4479-94cb-416621bd7072		1	705115006	446609009	19220005
a298bdf6-74c7-4ca9-b055-ee106448100b		1	705115006	446609009	110182002
f86cef5e-7287-46c4-9cec-14f78d28bb36		1	705115006	446609009	79315005
1e65ca36-3468-45d3-9e77-0c2c0ed91881		1	705115006	446609009	242006000
96f736ce-24c6-4ab4-bfd6-678887a907b2		1	705115006	446609009	295275004
e3144d01-09cd-4d9c-9d54-9bd1fb2e2c9a		1	705115006	446609009	111753000
a5252ced-c76c-4e40-bc2d-0d14ec03dcdc		1	705115006	446609009	61438005
006ee84e-cb5d-423b-a510-fd4fa05be4b2		1	705115006	446609009	296036006
cf4c4706-c55b-49fc-9f00-f4b0b7614b77		1	705115006	446609009	234012008
b34a3ad8-6424-4424-b819-3ef19ea9730d		1	705115006	446609009	429450002
8c1905e6-9377-4f05-8dff-781788b34d16		1	705115006	446609009	88756008
774b5572-1d50-4b65-bfef-d17447cc66a7		1	705115006	446609009	79705001
290920b8-115a-4ccf-a979-b5e33365f2a0		1	705115006	446609009	64417000
02cff249-18e8-4b5f-85bf-d06687d811c8		1	705115006	446609009	91941002
cfe8c753-016d-49ee-96c4-5ce20dfea7a8		1	705115006	446609009	283052002
df197ef2-f638-4c66-bf26-3c48c8c96e06		1	705115006	446609009	127295002
319f6c99-cd96-4678-8ffd-65790a2ed3ad		1	705115006	446609009	283355005
9aa266ac-7650-46fa-8eec-0d0c76d34b4a		1	705115006	446609009	432616009
475cae6e-c5c5-447c-aa39-f41070e5f973		1	705115006	446609009	78202006
685d44d7-a74d-492b-9cce-7ac579f1496b		1	705115006	446609009	110015006
24db0811-7c25-4fcc-bc4f-685dc2c3f34c		1	705115006	446609009	296770003
5d87a349-a52a-4c34-8364-543e6b49a7e4		1	705115006	446609009	211066006
8584b276-afec-42ea-9409-611ece2b1814		1	705115006	446609009	296520004
01b51069-ce8f-4766-bfb2-66cf76b69dca		1	705115006	446609009	212087003
ec077b82-82c2-4ba2-910f-ce29a1273e1d		1	705115006	446609009	210431006
fc8869d9-8ccb-423b-8900-dca4e0392a21		1	705115006	446609009	51814004
f84f3699-1368-40b8-84de-69d3d8f5f179		1	705115006	446609009	51772000
8c318c37-dced-48b7-8edd-7ed801e6c383		1	705115006	446609009	440121002
8eaf7d1c-90c9-420b-b7d8-b99d538a5d5b		1	705115006	446609009	297053006
f31eb954-a22d-43ee-914e-516c64ce0bb6		1	705115006	446609009	446159001
90fb7188-2331-45ce-9d0c-ba9aa141e6fb		1	705115006	446609009	234519006
71814348-ac79-43ca-a267-1c2f249d14e1		1	705115006	446609009	213148006
587b2aea-c782-4836-aa98-9b2a1ded8b61		1	705115006	446609009	293517002
97bddf63-cf7a-4e90-8e71-3c0eda5891d9		1	705115006	446609009	439160009
12ca1f99-2c62-4d69-80a1-5a38658bc22d		1	705115006	446609009	234207004
ed844d68-5254-469b-8ee6-302a3cfac5ac		1	705115006	446609009	280973003
169633fc-aae5-45af-80f8-b84620758558		1	705115006	446609009	212505002
0874ea6a-aa55-4c3e-b92f-095190e1e0b1		1	705115006	446609009	212924009
bceeaa68-b985-4179-81cf-f9c4cdc647a9		1	705115006	446609009	442052005
d04791f3-4ac1-4a6b-b131-a9f5e4baa70d		1	705115006	446609009	82276009
340b4eab-9111-46c9-88d7-fe88baf38971		1	705115006	446609009	428088000
312d141d-5d41-4767-a4d4-490403f9d5db		1	705115006	446609009	61288004
a736a278-4a2a-47e8-b4a3-a3a31bbb0946		1	705115006	446609009	236570004
8d6857f6-6f27-448a-854d-57d380961fec		1	705115006	446609009	293500009
d6bfdb72-0626-440b-b3c3-6fdfbbc02015		1	705115006	446609009	429268001
fef67f77-1b6b-46de-9fb1-da758ec13b69		1	705115006	446609009	212509008
4fd21ba0-528b-46ed-8373-01834284a502		1	705115006	446609009	212107004
154b91db-3ea8-4053-aa34-2c0ad876f82a		1	705115006	446609009	22233004
ff8bbf23-d851-460f-a1fe-2d48e203c5ce		1	705115006	446609009	64290004
7daba819-d187-47f4-ba34-821815f07701		1	705115006	446609009	7346000
14973170-430b-44d4-869e-35e69dc1fc57		1	705115006	446609009	419887003
8c2fdb4e-b695-41db-9071-1763f2395b88		1	705115006	446609009	210991003
95e5a459-617d-46f1-931f-4261b112cb18		1	705115006	446609009	233934000
b459adb8-1237-4b4f-974a-541006a7c670		1	705115006	446609009	33167004
9a21a6f8-816a-4890-9d05-222346fd667c		1	705115006	446609009	6836001
ff56230e-b9bd-4c1c-a9ef-6b672f2852ed		1	705115006	446609009	419007000
804b8580-ce3e-4233-ba5b-443f41d02d4a		1	705115006	446609009	241762008
c7189bc2-635e-41be-ac08-c1b377d513c7		1	705115006	446609009	89535003
0e56fb74-3600-4c12-adca-0803d89a40b8		1	705115006	446609009	292676004
0f63c905-0cd1-41d0-b7fb-8a02dd322974		1	705115006	446609009	269119005
75555cd0-4b5c-49b9-b0fa-cb333291749e		1	705115006	446609009	4836003
fea0a20a-e9ae-4cd5-9728-fbcde51b7ed0		1	705115006	446609009	211537004
603e0bd3-9a2e-4ba6-9ffe-9e924210a660		1	705115006	446609009	292325005
e45d1e0f-9d25-49d7-8a21-57d64299cc35		1	705115006	446609009	370540009
57400d0a-59fd-4448-9f42-ff98f8ff2821		1	705115006	446609009	208207008
6a2303cc-dfbd-486d-a039-b7232cd86cff		1	705115006	446609009	282050000
a965905c-c762-4f4e-a5bf-6c52fbd46093		1	705115006	446609009	212603001
893c3a94-d48b-4f6f-8611-5ebd010af45b		1	705115006	446609009	81371004
39603bbd-16e4-450f-b8dd-10f251660f9b		1	705115006	446609009	16411000
405d60ed-abca-4f02-bfad-09aec974715d		1	705115006	446609009	210386008
d2c33572-6d90-4e17-9d7e-677eef749909		1	705115006	446609009	292452004
a58d5283-c3d7-4933-a755-7cca5f4653a2		1	705115006	446609009	12776000
6ec38ad9-9895-438c-8084-db16aaea5e12		1	705115006	446609009	274166008
0eb442e0-338c-4065-8bd5-b7d20e5ccdd9		1	705115006	446609009	296373003
2125c9bb-931c-45cc-9f88-767332f5c874		1	705115006	446609009	193064009
f19e0275-062b-4f9f-a09a-3f3d9f944a2e		1	705115006	446609009	241831000
c3ddd1e9-b691-4257-8b80-db1975a61a40		1	705115006	446609009	292135009
92f1df74-dfdb-41e4-abca-fcfe265eb8dc		1	705115006	446609009	283963001
318c8cd4-95a7-4f82-a65b-f3facb39612e		1	705115006	446609009	73545001
96e038a0-0fe7-4a7e-9fe6-c0976871f96a		1	705115006	446609009	46156007
00dbce3b-0ab6-4989-9279-be963f46aeaa		1	705115006	446609009	111247001
be466ad1-f448-44f5-98ef-a84316f20998		1	705115006	446609009	295174006
18805334-3c69-4e37-801f-5926713a3df5		1	705115006	446609009	24984009
48dd1122-a739-4ddb-8956-011e3505b460		1	705115006	446609009	111717002
7e5d9a81-ffaa-4973-94e2-5486cb1cabcb		1	705115006	446609009	282051001
97394796-402d-432f-8930-072e7ef2646f		1	705115006	446609009	295217003
a505053a-1b5c-4817-a3d7-c88ff71231bb		1	705115006	446609009	49898008
ee666c0d-8cd8-4518-811d-48f3038e2518		1	705115006	446609009	212968006
3e6bbf7c-c109-4f38-bd22-92abc9c2d0ce		1	705115006	446609009	439013004
ae9d3acc-b186-4714-83a7-f0e136823b22		1	705115006	446609009	10137002
6e3f64e6-99b8-4929-abb5-498e24e76424		1	705115006	446609009	295597003
8eafd46f-213b-4660-81cc-edc4442e9813		1	705115006	446609009	218842006
cec8c8f2-9210-439a-9da2-a78b8634a12a		1	705115006	446609009	430136001
7ac4b040-5f02-46a1-87a3-277b9e97e3fc		1	705115006	446609009	290914002
5bce941f-a457-42e9-bee6-cba5014941af		1	705115006	446609009	297083002
ed1ca075-1218-4c26-bc9b-46991699f114		1	705115006	446609009	283056004
2c0fceb6-af94-4887-97f4-c4e78c38b774		1	705115006	446609009	21413004
c616adff-4ee6-46b8-b520-fad8db2036bb		1	705115006	446609009	291954007
0ae74da9-5df8-4cc1-924c-d164446508a8		1	705115006	446609009	292044008
443292b0-4306-46f7-bdd0-bea770ebfb23		1	705115006	446609009	61035004
3d3faedf-c4a8-4117-84e8-3912ed923f2e		1	705115006	446609009	292125003
ae252ffe-569c-4be0-acfa-889f25c260aa		1	705115006	446609009	292954005
75026a63-01c6-4fe9-97e1-7f415a436c71		1	705115006	446609009	50124004
50e57284-c1ba-473d-94c0-bd32902171d3		1	705115006	446609009	293096000
780fb188-0571-4cb4-be0f-df3078919ddc		1	705115006	446609009	262577006
c8eb69ec-eefe-4b42-b4c2-fb775f9786a7		1	705115006	446609009	283918002
53b6a270-64d5-43c3-80f5-7970bc678a15		1	705115006	446609009	296909007
8eb68b0e-37e5-41ad-b248-df3338805ca7		1	705115006	446609009	36830004
0bff521a-8194-47ef-a664-936de4fcf2bf		1	705115006	446609009	293056002
25c321cb-779e-4154-aa32-d6d88051ce98		1	705115006	446609009	90354008
56ee218f-f7ef-45e7-a72f-323395f7f417		1	705115006	446609009	297200009
26620495-fbc6-4cd4-b67f-d943dc148378		1	705115006	446609009	219019005
ba0855f7-4c41-4867-b077-3c6fc03b3bbf		1	705115006	446609009	431038007
e54a25cb-c5bf-4bff-aaaf-d4bff42e3cfd		1	705115006	446609009	370977006
ac2a4f88-6c6e-4e05-96d1-6fd094033eba		1	705115006	446609009	439862003
1357021b-4441-42d5-84c1-8e84336cef06		1	705115006	446609009	1367008
c24ded4b-1cbe-4e5d-85f0-db27b34459c7		1	705115006	446609009	79555006
9903e12d-3fc9-443f-9ebc-ff2a1ba5a0a7		1	705115006	446609009	11406003
a1634db2-23c6-4dd1-b72e-bfc0ca00efe7		1	705115006	446609009	85302003
cdf22074-426d-4301-9689-44d95a9cbfa4		1	705115006	446609009	283507009
25c8a782-be96-4bdc-81c8-4cf6cf58ad46		1	705115006	446609009	371561008
0abbf023-44c0-47f2-bb77-5355520915b2		1	705115006	446609009	110189006
9b4b4333-40cb-466c-8dc3-6f71bd40e328		1	705115006	446609009	251024009
a72d175e-fe31-4c5e-ac2e-9902c2d35119		1	705115006	446609009	5414003
569abf95-b0b7-4e99-b0f2-54963920119e		1	705115006	446609009	262955000
e7a21052-3e08-49f0-ae9b-715b5c14568d		1	705115006	446609009	69260008
5e952826-1c2f-4eec-ba96-90e72ba723c5		1	705115006	446609009	283954003
530b2808-6b48-4ee2-9643-6157f522dd54		1	705115006	446609009	430974008
d1cb299c-ebcb-4222-9332-08058ef69c0a		1	705115006	446609009	95868006
79f048d0-6448-4bb5-bf20-929faa99f305		1	705115006	446609009	241820008
cd5c2d99-0570-4690-82ae-e6721fd70880		1	705115006	446609009	390909000
f4e10262-7ed0-414c-ad39-98cdbb4d40a0		1	705115006	446609009	283449001
fe8bfdac-4ddd-4562-bcc8-0d2e97398dfe		1	705115006	446609009	212986009
9ebcdc6c-fc47-4c38-a1a7-882ed0fe4d9e		1	705115006	446609009	269723006
3312bfb4-b511-4573-91b8-103b160baf4f		1	705115006	446609009	134288007
8e92af2b-5d9a-4fb2-accc-9f5da0c97850		1	705115006	446609009	283949007
f58c8be6-9f61-4e35-b9bf-14d5c811b55a		1	705115006	446609009	262829000
283dd924-c45b-48cd-9077-cd0c504b2f27		1	705115006	446609009	373602003
9aad1622-d86f-4619-aa1a-6c04fb949f89		1	705115006	446609009	210342003
e60fb187-73b2-4fbd-a16e-1118d9731eae		1	705115006	446609009	10385009
cfb7cf3f-719b-44dd-87c6-8858edf6de94		1	705115006	446609009	17567001
b45f773b-e8a0-413e-95a4-024826c16794		1	705115006	446609009	78920009
aad27c57-f5fd-48da-8b84-5c0f39fd14a0		1	705115006	446609009	278023006
06c927b6-5094-4a55-ac60-11b6db50d290		1	705115006	446609009	127303003
6cf14ea4-4c9c-43ce-8efa-ceaf0345290c		1	705115006	446609009	446905000
9bb01055-6956-4c0a-8f06-6b0534d994ad		1	705115006	446609009	210344002
efdc55e5-76b4-4103-b7e0-3c7b9a7a530a		1	705115006	446609009	297016000
2d9353ae-e71d-408d-9bcb-a5f7bbeeac3f		1	705115006	446609009	262682005
01d32473-02cf-4106-84a9-0ef023c6e11a		1	705115006	446609009	87177002
83b9b315-f54e-40e4-b764-2c32bf21b3b2		1	705115006	446609009	296489004
7db90ce1-959e-439e-a31e-4aab6859e16d		1	705115006	446609009	421961002
391cc282-3910-474f-9a12-4db1d04ab364		1	705115006	446609009	212454006
16a5cedb-9d6a-4e4d-b7ab-d5ed72792605		1	705115006	446609009	262833007
950d5f29-c9a8-4a8d-923d-6acedb06d0f9		1	705115006	446609009	291303001
a77650c4-9b74-4416-95b5-92c6cb376825		1	705115006	446609009	212125006
150d4e65-e01f-481c-9f73-8466a2cf3d4b		1	705115006	446609009	73862001
0c247790-362d-481b-adb5-dbbb0db3f194		1	705115006	446609009	212966005
c6afc417-ae57-4e7e-b87a-5ab835a82a5c		1	705115006	446609009	293177002
fca59eb3-c358-43ba-a62f-f8833bb59ad8		1	705115006	446609009	79815000
605021ad-2aad-4ce8-8203-acc9cfededfd		1	705115006	446609009	283930008
aa28901d-4972-4440-bc55-53614e6d6e3d		1	705115006	446609009	431520004
559cdddf-fdcf-4602-a3e0-a54a453e0012		1	705115006	446609009	212119007
d80b84e0-85d3-4dba-8157-93ad3ed939e7		1	705115006	446609009	57431005
6f4be618-2c47-469c-93a9-2a7e5354ceb2		1	705115006	446609009	292122000
efba2f38-5659-44b3-91ea-cbeacbf25abe		1	705115006	446609009	262582004
bd2e7c1d-0779-4a86-b218-4ca550134015		1	705115006	446609009	110185000
009424b1-896d-4680-a16b-c77993deba33		1	705115006	446609009	6341002
662b0dae-0f39-42c4-8fb2-5b7b4ce92a72		1	705115006	446609009	290428004
b544220e-aa90-4143-a474-c8f456e94986		1	705115006	446609009	88548007
e73fa21b-d18f-402a-847c-cad96ecfe44d		1	705115006	446609009	212078007
a96814c5-07fa-4921-ad63-ef5742e9f865		1	705115006	446609009	110071008
902e2267-3020-4f36-9847-8240625f2f48		1	705115006	446609009	19496008
25794ae5-bfe6-4134-bf85-cd3e75779737		1	705115006	446609009	269295009
1fb693dd-695a-4b0e-9868-3395770de0f6		1	705115006	446609009	283457003
e5dc2668-f639-4cab-8c49-09a302c214b2		1	705115006	446609009	293495006
ed6f5485-f5b9-4b45-90d8-79a06d1a6850		1	705115006	446609009	275273001
ecd04959-bde6-4862-adcd-cab14be2a97d		1	705115006	446609009	57005003
b460c8ce-9e91-4c34-9e5a-8e831944ea91		1	705115006	446609009	280972008
9442993b-7447-4f82-acf7-df6d780aa237		1	705115006	446609009	293453002
de6e4ae5-d0bf-4eb9-acda-a89ca72aff50		1	705115006	446609009	34704009
93a61971-5d77-46ba-8c7f-20427254763f		1	705115006	446609009	210325009
3ae6a5d7-7733-4ba2-ac93-f10eb9e74f53		1	705115006	446609009	65435003
624e2535-d917-474b-a708-8fbdbe6658e9		1	705115006	446609009	9291000
d4a37536-d23b-4eea-b2ae-e6c24e85b3c2		1	705115006	446609009	293126009
3fb5ea25-3212-4019-a7f1-50f6f49c4df7		1	705115006	446609009	29734005
4e57145b-a586-4a3d-b26c-2b02fad9836f		1	705115006	446609009	296849000
185b5a4d-0225-4c30-b4d5-2a76d540ee88		1	705115006	446609009	445902007
789f50e6-0586-4668-9c07-545297b7fe5b		1	705115006	446609009	36202009
ec298517-8c51-49b1-be5c-877fcec6fc01		1	705115006	446609009	281464006
671b29ed-a0f2-46ea-921e-9024ec99235d		1	705115006	446609009	58340008
d9216d91-1b7c-4a78-821c-bc77adc13216		1	705115006	446609009	296355001
484020c0-a9c4-4b6e-a6cb-ddea5f933b2b		1	705115006	446609009	90070003
3ca3c802-b15d-46e2-b8a9-9f8a2e80fc2e		1	705115006	446609009	82782008
76e8df88-4b51-4dc2-a669-8df76c26902f		1	705115006	446609009	287140008
bc407600-f395-4152-9d0a-74f466c0cd40		1	705115006	446609009	428268007
3c69ede0-fdf0-4c80-b9c7-58ca4fd7e1af		1	705115006	446609009	286622004
531c0ee4-ac1f-41f3-8ffd-e3221963d69b		1	705115006	446609009	73590005
ffec20ee-2ab3-4abd-8b12-99633672390a		1	705115006	446609009	212071001
ca5b95ce-674d-48cc-82d7-0160ab75f4a1		1	705115006	446609009	293141009
e972a5d3-65e0-4c9a-a987-4bd2c765df2e		1	705115006	446609009	432355004
3ce4b2a8-9b48-43db-bf8f-d80e76d42bab		1	705115006	446609009	269406001
a543cbe3-97ec-42d2-9d40-96ad21288816		1	705115006	446609009	291805001
f7aa44ee-b03c-42b2-9788-ccb7c22ac844		1	705115006	446609009	274186007
a3a85034-f55c-4d8a-bc4a-25173b6f1f1a		1	705115006	446609009	296840001
b651c4f0-68a7-477f-831a-542ff62647ca		1	705115006	446609009	450410005
fc8ccc7a-c736-421d-8b47-9e88b96f62f1		1	705115006	446609009	218620007
62b72b53-8f08-4a88-8e2e-c4a99660b735		1	705115006	446609009	210987008
2228c017-f984-47c0-9bb2-f141a9b17ae8		1	705115006	446609009	283502003
9d3711ce-8bb5-4679-9b78-6285ad6fbaaa		1	705115006	446609009	283359004
c54d4b72-7eba-4a77-8420-5c5319fe6e2a		1	705115006	446609009	417895009
0a48ec4c-91d0-4c19-a960-3fb57ededd34		1	705115006	446609009	217678000
56ccee3b-d562-4336-86b8-2d1116caccd3		1	705115006	446609009	295414008
83981d27-1575-40de-a82f-07dbf6877a60		1	705115006	446609009	20681005
64e97fbc-0aa2-4088-be04-269ea0c38ca3		1	705115006	446609009	293454008
c316f990-1d51-4f7f-8bb3-2cd8df601e50		1	705115006	446609009	271125007
b167ed25-8636-405d-95c4-ba1e6726f024		1	705115006	446609009	210339009
9399cb75-d5d5-468d-83c6-48125520620f		1	705115006	446609009	33334006
1064abc3-c281-45b8-b7a8-af0d37e7f1c9		1	705115006	446609009	43302000
617d1add-39a4-46f4-957e-ec116b1fffa7		1	705115006	446609009	283976007
19dcbefd-5c2c-4d37-b524-1e412e0dd83e		1	705115006	446609009	283928006
4914d218-1437-4795-86a1-bde67bfe4f87		1	705115006	446609009	430398007
f76549df-0884-4fd6-a7f4-812159329288		1	705115006	446609009	285781000119100
25105cc8-2a60-49cf-a5cf-5dc1a79ad772		1	705115006	446609009	448071000
d2aa6488-d758-42d2-ad52-100ff8e25dbb		1	705115006	446609009	78458000
