id	effectiveTime	active	moduleId	refSetId	referencedComponentId
7c4bff93-aa47-4008-a4c5-ed956f12fdcc		1	705115006	446609009	88092000
1dab0947-49da-4357-a059-97c365315426		1	705115006	446609009	416189003
860e12c8-4d89-438f-b1dd-19b94258fd58		1	705115006	446609009	111227009
70813e75-085e-48cb-b0ea-1462bae50d05		1	705115006	446609009	271771009
462c4bfa-b1eb-4707-a4c9-b80af24737ec		1	705115006	446609009	72274001
d15091cb-4f2e-4ac0-ac0b-4e40c6de019e		1	705115006	446609009	239805001
5ff56208-37d3-46a8-93a6-f6228eea89df		1	705115006	446609009	202751009
def5bcbf-accf-4641-ae3c-9f314bb0a50d		1	705115006	446609009	205418005
d3c8a6b0-28ce-4f68-ab41-4c1d55955b18		1	705115006	446609009	110318003
a122c7e1-8f95-470e-9cd2-21c90b269c5f		1	705115006	446609009	417242001
45fd5b21-ceab-4b14-be27-5abd052e40bf		1	705115006	446609009	60492000
a65f808d-d2d2-464c-852d-2314c9505a08		1	705115006	446609009	2089002
6d47645f-0066-4ad4-a7d1-c4a6a6847163		1	705115006	446609009	61126009
3ef8d803-254d-4c7c-ad76-47ae84d494ef		1	705115006	446609009	69071001
3e435629-0548-46cf-b7dc-1a80d2145e64		1	705115006	446609009	102447009
35ee725e-5a53-45bc-b899-b43ef8115593		1	705115006	446609009	425871007
5f4f7bcb-36de-4bfe-b878-ffb130e86c8c		1	705115006	446609009	28801006
a2194b22-f5e7-4afb-b670-1c9916debc22		1	705115006	446609009	201727001
9cb448b6-0ec3-4e0d-9adc-86eecea05366		1	705115006	446609009	72791000119108
57e3207c-3b3d-47f2-93ca-ddcd91046527		1	705115006	446609009	55925001
02bfa2e3-486a-40ce-9615-b7907aba9019		1	705115006	446609009	202819003
4f00996e-cf6b-4884-9871-33866d56bc4b		1	705115006	446609009	203506002
db0111f3-739f-4c58-a0cd-8209675856b9		1	705115006	446609009	109697002
e291b4de-2756-48f3-a5d1-73b5077d5de9		1	705115006	446609009	400054000
244b83a0-e558-494d-a676-7e521af212fe		1	705115006	446609009	428783003
cb7dda43-fc10-4e47-828e-8fd403fcddf2		1	705115006	446609009	111235007
707add6f-d48e-4d90-a755-859b56bca785		1	705115006	446609009	202821008
55e142d4-0fc4-4643-a27b-504a1bf4217f		1	705115006	446609009	275349007
9c338470-b41d-453d-bed4-823d9329aa51		1	705115006	446609009	6858004
68dd8843-a79c-4496-86e7-c76703b6f60c		1	705115006	446609009	18834007
7497f550-6f94-4393-93ac-fadf73498359		1	705115006	446609009	74773005
08ab492b-a76d-42f2-8430-eb857e3ab216		1	705115006	446609009	34139004
f6a78ea3-951b-4597-b144-1c47d3299da1		1	705115006	446609009	430904007
f2ecfbb2-f638-4fb0-a3e7-feff0fe3c85c		1	705115006	446609009	699462004
a61d4e9e-c4f8-4ad4-82fa-88f565763940		1	705115006	446609009	443524000
4c654fe1-12d5-4cdf-b090-b91efe5c735f		1	705115006	446609009	36662003
2659a0b0-ba7c-45b2-a8f1-4b946992c859		1	705115006	446609009	54404000
d7200fa9-c486-42f2-938c-75a15d6f33a4		1	705115006	446609009	87823004
26e1ec41-a034-4ef9-a7e1-9a00e5ae870a		1	705115006	446609009	202735001
2ab4087c-1b1b-4384-891e-639e4ff94a51		1	705115006	446609009	95428004
7abcaaa5-c1b0-4c19-8d78-8e65b835cdd7		1	705115006	446609009	161891005
11bb4940-c61c-434c-b9fd-1f2b4c8c1f08		1	705115006	446609009	20980008
f073d694-c2f6-438b-87b9-bf6bb70aa164		1	705115006	446609009	22125009
46d840d0-224d-45ae-9e96-75ba076ed7bc		1	705115006	446609009	123798002
9426585a-b8d4-4363-80f8-e79dc0281ef3		1	705115006	446609009	41341006
41f7fd2a-ba53-401d-a3a0-f823d1abe58f		1	705115006	446609009	28861008
fc9be498-6ad9-46d8-975c-17fdc2a3c4a3		1	705115006	446609009	417373000
094838de-1741-4196-a92c-a56b1c8b8b59		1	705115006	446609009	75822003
e03d4113-d2e9-4a9a-a0cf-b4576fab167c		1	705115006	446609009	34840004
9139a4c3-9197-4605-8505-181abcc9a435		1	705115006	446609009	444760002
42ce9225-1320-4227-bbd7-02ec2f036e94		1	705115006	446609009	302651000119100
40a5777b-08e2-4d9a-aa13-374aa5f6cb03		1	705115006	446609009	445438006
3b497577-e25e-4f42-ac86-7c8b2b7992f2		1	705115006	446609009	42452002
d62d460d-a9d1-4310-abd0-8f9530fb2b7a		1	705115006	446609009	58961005
9a979f94-f29d-4759-ab46-0c3c7d1f6528		1	705115006	446609009	31848007
eaf45c33-1a20-40c8-a826-f7eba8a0d320		1	705115006	446609009	410016009
1e770a06-7b06-4b3e-b4d4-b5382f08b3ac		1	705115006	446609009	48210000
3dd7e5f3-51dd-465d-857e-7061fa3bfadf		1	705115006	446609009	278713008
49ecf9b4-f766-407d-aa32-38d8cd07d2d7		1	705115006	446609009	203417003
6e3e02b5-8cd0-4cb1-bcfa-651483be45db		1	705115006	446609009	190710003
d8161d09-a247-43c3-a16f-12015f55b461		1	705115006	446609009	47434006
0512efec-9156-40ed-8891-784b875428ad		1	705115006	446609009	201443009
ed613fc0-fa2e-46af-9bb6-40533cd881cf		1	705115006	446609009	440214006
39b5a3f2-a6ad-4bcf-a8e7-ef8821927e9f		1	705115006	446609009	239844009
e1a99eff-7bad-4455-82f3-e22e5ecfb4a1		1	705115006	446609009	73573004
8f51cbd3-92e3-4879-973f-05e211de17b4		1	705115006	446609009	201799006
e43ece1a-8707-45e4-b404-7f01078b713f		1	705115006	446609009	428144009
553198bd-a062-428b-ad30-b83af3932258		1	705115006	446609009	34789001
57f8b51f-1014-4938-b050-c0e67e3b4cb3		1	705115006	446609009	267981009
cabc7207-8477-4314-84a1-3edd43e7735a		1	705115006	446609009	28221000119103
4f6f7890-5135-46aa-997f-86aa46727ca5		1	705115006	446609009	310421000119106
e867961d-077a-4c06-9eb9-9898e36b81c6		1	705115006	446609009	50921008
d3af01d2-093c-41ac-a812-ec07e3092672		1	705115006	446609009	38253002
e6c80804-513b-4a41-83b8-f83216e92722		1	705115006	446609009	203095000
83456fe5-f46b-458e-8f9f-c7a63f06f00e		1	705115006	446609009	202822001
ea43d6a3-adad-4771-bc7a-db4ae648cbe4		1	705115006	446609009	20243008
7a0b2dbf-b8c9-4a57-8f79-4f0dd0fdee64		1	705115006	446609009	68172002
3b840863-2ad2-453c-9a2e-f4fa9ce769d7		1	705115006	446609009	298349001
e84af0f9-febb-426b-be84-2c45a4221302		1	705115006	446609009	65976001
6266ef45-4ac9-40a0-9034-11d02327f36b		1	705115006	446609009	201466005
9e6b6df3-68c8-4f2a-871f-514d1ea61f92		1	705115006	446609009	445345005
5a49a7f8-5abd-4a23-bd1d-ed65ddf70897		1	705115006	446609009	46578006
3fe25c5d-ff5a-419b-8a29-3efd7feb6374		1	705115006	446609009	445100000
e68e9daf-49e5-49cd-8654-58c67ddc3e80		1	705115006	446609009	31384009
efe1b9d2-3f32-4f93-becb-6fdeb7628808		1	705115006	446609009	76916001
fcb20093-2076-42e8-877f-1fb5b4cac822		1	705115006	446609009	279040009
7217a8ba-be99-4c4d-be88-09bee01f2d8d		1	705115006	446609009	82562007
c15af8ee-3fbc-477f-88c5-4bc1ee7d10cd		1	705115006	446609009	430938004
14567782-31d0-4ea0-9f00-7c2ca73c7092		1	705115006	446609009	3723001
54e38a2a-d259-4c08-a5e5-7dd334c2d66d		1	705115006	446609009	11049006
0fe72677-259f-4cb4-89d9-bd5aed2bab4e		1	705115006	446609009	33760009
a1d6f8bb-b26a-4a98-b507-ac075ee5c8cc		1	705115006	446609009	18889005
7f7f2e14-230b-42c2-9f4b-6453d7e12283		1	705115006	446609009	247398009
9be18fa1-c6ee-4f87-acf9-ceac416a6f7b		1	705115006	446609009	307001000119105
9e55e163-2dfe-4b53-b4a7-ac0b31b8c52c		1	705115006	446609009	399269003
7bf478fa-1fcb-4e7f-8a65-b620ee955b2c		1	705115006	446609009	85840009
f9251070-6bc6-4f40-82ea-758c4357b959		1	705115006	446609009	86268005
0f0b0e79-2c2b-4b88-b6ae-3fa49d5a229b		1	705115006	446609009	312401000119103
74d8e6ca-99ce-4334-b0b8-4014a04a6a04		1	705115006	446609009	410794002
b01b4160-c644-4b3e-9891-37d0063d3b76		1	705115006	446609009	95412009
311da5f0-1a76-481b-8917-21bed7079467		1	705115006	446609009	239791005
baca7993-3146-4a9b-969a-d36c6f38b228		1	705115006	446609009	371191006
7e326533-9da7-4b90-9d40-204f9a8c908e		1	705115006	446609009	109315004
d08233c8-6541-4208-afd7-2164fd547f19		1	705115006	446609009	129511000119105
c39fb9ec-08ea-4046-a77c-9b453ed4012b		1	705115006	446609009	62195001
142a8c7b-c9f0-4949-9270-dabbf45649f0		1	705115006	446609009	254080004
695951c8-58cb-42a3-b125-240fa97931b3		1	705115006	446609009	26071001
44d6968c-7dbd-4edd-845a-da8953d21e67		1	705115006	446609009	62629000
4a1ac777-654b-4926-a8a0-297eae8572c4		1	705115006	446609009	29191005
836a0fd7-bdb5-4f2b-a61e-561999e5ba71		1	705115006	446609009	95416007
5e77e68a-1637-4bad-9048-8975d56c1900		1	705115006	446609009	46041001
1d4635cc-722b-43b7-8c2d-4414b20ffc50		1	705115006	446609009	65260001
a7927b70-caa9-4a98-8ee9-a4d9b8db1498		1	705115006	446609009	82203000
408ad9d5-3533-4069-81fd-2e82f9d57d07		1	705115006	446609009	203351003
4ef8f29c-4a4b-41ef-9ea3-8ecb3c1eb901		1	705115006	446609009	203671001
8bf50ddf-0a25-47f4-995d-efab0b1e49bd		1	705115006	446609009	80813006
6dab84bb-5524-45ad-afef-266883a81623		1	705115006	446609009	47049007
b15e4797-cc2a-4ba1-bc46-2c2fe509d4dc		1	705115006	446609009	202824000
ead3a1aa-9a20-4e3d-a77b-d79bd6859e84		1	705115006	446609009	77881008
b6ce493c-154d-4fc5-901b-6eb9463402ef		1	705115006	446609009	202734002
aa4df4a4-87c9-4f2c-96b1-aedd6e40f548		1	705115006	446609009	1121000119107
6b073de0-9baf-4ba0-882c-3ea9a77c20c5		1	705115006	446609009	203465002
f12980fd-32ac-4bec-a2fd-91a1f3322fc3		1	705115006	446609009	202574006
efd26d0d-8197-4600-a36d-713f793d4829		1	705115006	446609009	279039007
06be59de-197b-4d63-aff5-528b11f3d8f5		1	705115006	446609009	1926006
235b9fcf-aa76-4998-9702-1974f063c11a		1	705115006	446609009	68859000
3f6feced-9d56-4f0c-ac5c-0667ed51f162		1	705115006	446609009	56528004
c038c69a-907d-4c0f-a29c-c53b83e6477d		1	705115006	446609009	371000119109
4112a8a1-5f54-40ec-bec8-b6ef75be8b85		1	705115006	446609009	202755000
26540be1-7863-4f43-a2d1-44989bf1fea7		1	705115006	446609009	87294007
2c1d4cc5-1b6f-4f4c-a931-6d4f3453bdbd		1	705115006	446609009	136791000119103
a7e01eab-2578-4f33-91c4-844435b83c98		1	705115006	446609009	105986008
fda1d32a-c6e0-46d4-a161-cbe08d37874a		1	705115006	446609009	240215009
508be885-dfdb-47ab-b782-0fa7f610576f		1	705115006	446609009	27911000
859da146-5f74-49d5-8e26-887d747c576a		1	705115006	446609009	65323003
5d57d0a1-6f2b-4309-a58a-ce267c8149e5		1	705115006	446609009	47518006
ad8b582a-b16e-4795-b748-ad8736cddfd2		1	705115006	446609009	279069000
dee4ad88-bd44-4a3c-9b3c-0fef07bbb263		1	705115006	446609009	449466007
96d3ad75-129f-4e3f-929d-2234bde09c20		1	705115006	446609009	75511006
0fb50700-4b2b-4d37-94ea-c7c86ecf3c5b		1	705115006	446609009	298382003
07242004-a364-448f-b271-0ecf900f59c6		1	705115006	446609009	36309003
77af52cf-1493-4afe-b92b-874ac678a5df		1	705115006	446609009	78675000
e15a2485-704b-4002-9634-23f5a8089a77		1	705115006	446609009	68701004
8948df82-6e6f-4e81-8c5b-54cfa474400a		1	705115006	446609009	8649001
a801d462-d46d-4b60-81ee-0aef50ce66bc		1	705115006	446609009	122482001
8809937e-a6b3-4c18-9579-2c975924e01f		1	705115006	446609009	41022003
4bf22afd-fc26-4905-803f-749b90784d66		1	705115006	446609009	416956002
9251ff8c-6974-4f22-908e-176b169062e0		1	705115006	446609009	298393001
3eccd312-6b6d-4602-b750-6d3fe938a6b6		1	705115006	446609009	83561009
72845a93-ea8b-4738-9571-44b032e41732		1	705115006	446609009	203514008
24afc98f-8ce9-4a3f-a494-40ad38456f6f		1	705115006	446609009	11679003
0c3ed26a-b5fb-4f6d-a2b8-7c70a7fd8c9f		1	705115006	446609009	46696008
e5810884-0945-4b45-9eca-60a0c55ca181		1	705115006	446609009	16269008
cac5d9cd-24d8-41a3-bc0b-bde4cdcfc9bb		1	705115006	446609009	22199006
654faafe-2657-4b4c-bc31-f50c168a40a4		1	705115006	446609009	201731007
3dfc9b01-fe5b-4468-93bc-79f8ef69bb83		1	705115006	446609009	409780002
dc60903c-cfc9-44f0-b993-9817ff642afd		1	705115006	446609009	302940000
836f616c-51bf-47a9-8c24-c063cea5decc		1	705115006	446609009	2391001
d87a8753-1c03-4810-8edc-d3e03978dc8e		1	705115006	446609009	254044004
99035d34-e508-49ff-bfd7-4c0fa4017948		1	705115006	446609009	203697007
31bf1829-3e41-440b-8d05-6a6011cdb1f4		1	705115006	446609009	75053002
28ef87b7-cdfd-487f-8506-453a647e6d19		1	705115006	446609009	53174001
a155532e-0e82-4819-a4e8-f95e8f8de8e6		1	705115006	446609009	396275006
518ec0c8-a4f6-4d67-8952-c5dbe741678b		1	705115006	446609009	111210001
8d0ac4a6-9ce4-4ff2-b3b0-0a10d56d72c2		1	705115006	446609009	254050009
d86a7cff-ec62-4015-a71f-7dd2f4bca2f8		1	705115006	446609009	95413004
107c1f45-f434-4aee-aec0-a4e48e923f59		1	705115006	446609009	235231000119100
1332c67e-dfb2-4d96-9652-89ce62492ac3		1	705115006	446609009	203284001
2e9979e2-1099-4841-9e10-8b3415a133e5		1	705115006	446609009	190645001
9840aafd-c28d-43f2-aacd-6e0c57c9acbd		1	705115006	446609009	89859004
488532a3-6fec-47d2-8fa8-40e9629d60e4		1	705115006	446609009	109341005
060edcfa-1d28-44aa-bcd9-f582ef645766		1	705115006	446609009	38371006
4094a133-a8aa-4cd3-bda0-082e439ead4e		1	705115006	446609009	109303003
d368f127-6023-4e93-87c7-39d9b0aec519		1	705115006	446609009	240152003
4b5130b1-1bf5-4b2f-aac0-f4ec7229f29b		1	705115006	446609009	23680005
d5221678-8788-41a5-adf6-b3230ae458be		1	705115006	446609009	83015004
634c5a67-bea3-440b-98f2-556aa15f52d2		1	705115006	446609009	109304009
8617757a-78d3-41f9-985b-8240e40b0578		1	705115006	446609009	203435007
83cb9fad-5370-40dc-800b-8e11bde3b648		1	705115006	446609009	80712009
13abe65d-09fd-40b1-a197-48b68cd29276		1	705115006	446609009	398993007
a39af055-3e84-4c15-ad0a-97b9df922d11		1	705115006	446609009	387800004
455a170d-005d-4539-9842-4fb77c9ea413		1	705115006	446609009	2415007
02303f8a-231f-4b2b-acd7-d6aa7a9d8339		1	705115006	446609009	417074000
0891994a-40bc-435c-aca9-325ded2ed7a9		1	705115006	446609009	84445001
969de739-ba27-4379-aa03-7f8176975b7e		1	705115006	446609009	405773007
8c697e7d-0af1-4a9f-b76d-6db55869c6c9		1	705115006	446609009	109320004
13701127-3d4f-4220-8601-c7219522de76		1	705115006	446609009	36517007
e2a7170e-aa7e-47f9-999c-6d4d2106b21a		1	705115006	446609009	12820001
49be9a51-539a-4f64-ae5c-2cc4cb47bb32		1	705115006	446609009	22841008
e4a4d4b6-5a56-4092-8276-d889da947fe4		1	705115006	446609009	111248006
926800ad-6a2a-46a5-9bd9-bad5d731f7b6		1	705115006	446609009	255581000119100
2281e164-2184-4e2b-9af2-fbb63477ba58		1	705115006	446609009	91222009
8ca29444-4d0e-4937-8c35-3ef0a8dc5714		1	705115006	446609009	202814008
aaae0a96-5f17-4cc5-ac88-cc1f636b04c3		1	705115006	446609009	239846006
763607bc-22a5-4adf-8167-187245ff816d		1	705115006	446609009	193180002
f16df365-2909-4454-876e-67c4afec4d73		1	705115006	446609009	77016009
3c6e8ede-766d-4442-a48e-3dd86daf23ed		1	705115006	446609009	10155006
837bd5c6-7b63-433e-9e6a-44e4fd37f489		1	705115006	446609009	203104007
d71ba98e-9f3a-4589-8498-0d4f360dde93		1	705115006	446609009	268239009
452a6f62-84d8-4009-ae69-2fa645fd5b4d		1	705115006	446609009	109521001
90ea4333-71cd-4910-bf7d-59b482e9ba07		1	705115006	446609009	47135001
f3f68a36-2390-4e7a-8dbb-e71dc14e9f97		1	705115006	446609009	18040001
306a0c69-a346-4872-82ba-300aa08c94dc		1	705115006	446609009	166631000119101
5505c585-4cbe-4000-aceb-51caabeb667c		1	705115006	446609009	307011000119108
b3c6add3-7880-4862-8037-4308e1f0b880		1	705115006	446609009	196133001
2b1e718c-0e70-4a8c-a6f5-8000d32a3fe0		1	705115006	446609009	239793008
7d6151d2-3d06-47ca-8d00-20cd817c1cb6		1	705115006	446609009	190643008
5cfa31de-a9ce-4b29-99c3-c310124194ef		1	705115006	446609009	202932007
7f5a1ad1-a1e0-49c1-9665-863f12a28b50		1	705115006	446609009	202752002
e2da89b2-e64e-41b3-8f93-7842a607f51e		1	705115006	446609009	279063004
2d93e848-70bb-4c02-aea3-0583c6608247		1	705115006	446609009	410795001
3844fa73-dca3-4df6-8677-2d61cf9c78fc		1	705115006	446609009	298493002
ed94e088-2ff1-427a-b235-b5d9e811d2d7		1	705115006	446609009	239880009
e9d2bff1-09d8-43cf-8678-cf6cde03cdd7		1	705115006	446609009	8611000119100
021053eb-e405-4ba8-83f5-23a5589f1230		1	705115006	446609009	399112009
e60cfeff-f6ed-4d64-86c9-d99681f8ba25		1	705115006	446609009	240123001
cc18d684-4681-437f-855c-df89d091261a		1	705115006	446609009	92341000119107
a17b01cd-c02a-4c0b-b5e7-38ebefa3f40a		1	705115006	446609009	70070008
3d25f2a7-f672-4034-9c3c-23e0df45c0b7		1	705115006	446609009	111214005
fd8ea9e1-da36-47d4-a927-80990d9b4d3f		1	705115006	446609009	415575007
34787029-c56d-4955-8404-b5a4ad0aec07		1	705115006	446609009	7603007
d9d83261-2349-4322-baf4-a1e645a722be		1	705115006	446609009	202744000
7b5067b3-45ee-4fc1-acf5-5fc5b184ead6		1	705115006	446609009	287048003
7be3b57a-e282-4bd0-9e21-ca9c850362f4		1	705115006	446609009	5187006
2e263dfb-a079-415f-994c-2e5604f7998e		1	705115006	446609009	53406005
a653ba06-34df-4487-9333-787a1eabf957		1	705115006	446609009	20944008
ee2a8710-22aa-4c12-ba6f-12a28d5047c0		1	705115006	446609009	203489009
0a969bf3-6575-4a0d-9bac-a47c689d6874		1	705115006	446609009	249491000119100
38027d25-a034-48ad-ab27-bc158396384f		1	705115006	446609009	239845005
4391fe44-9b1e-4d98-b83a-beae757226dd		1	705115006	446609009	84299009
69063ec8-4e06-4b62-ab5b-9430c7ed1e06		1	705115006	446609009	23008004
561386c7-0fab-4b81-85ba-f17ec58d3d57		1	705115006	446609009	93459000
a1d1a91f-0bad-4fb7-b2ff-adbb7990ba0a		1	705115006	446609009	193177003
44f098e6-bae7-4672-b0fb-b689cca7d38a		1	705115006	446609009	81808003
4fab6729-bf77-4935-bc01-c4e418095c28		1	705115006	446609009	91538002
0b62ee94-6dcf-4889-9928-f27d3f90f576		1	705115006	446609009	67437007
45706a38-a1b3-49b4-a1c3-aa8c0e47ce11		1	705115006	446609009	109516004
8306d852-384f-457f-a560-2512d7d20395		1	705115006	446609009	111266001
103167d6-1006-4798-bf6f-2c1b83c3d7c1		1	705115006	446609009	62920004
707e30a3-ee3e-4c9d-928b-ffdbd9658cfe		1	705115006	446609009	445063003
2f24e5fb-7b71-4081-a02c-a2248e3d1a65		1	705115006	446609009	202723000
3ecdd292-b09f-474b-9d3d-da81f215a805		1	705115006	446609009	17128000
3915aae9-ef79-4d3f-ab93-5fd341bc9768		1	705115006	446609009	444897001
182c5cf2-354b-481b-9114-0cd4ee2dceb1		1	705115006	446609009	367506006
80d6ac46-a6bd-4f79-a358-5666d80c69f5		1	705115006	446609009	400138001
1f5487fe-7f99-4889-aa91-0e788f8be437		1	705115006	446609009	72781000119105
d31cad8d-bfa4-49dc-90d9-e028f11c73c6		1	705115006	446609009	64109004
0424520b-bf9e-4307-88f0-d297a6b4a663		1	705115006	446609009	70410008
789cad54-0b77-4e02-b101-673206f74166		1	705115006	446609009	22006008
a22bdd91-8114-43be-9e0a-351ddb482851		1	705115006	446609009	203681002
5935bbcc-362d-4000-9f85-bbca96e006c5		1	705115006	446609009	3961000119101
30bda1d4-351f-444c-ba09-22d52474879a		1	705115006	446609009	56731001
6a8b2b7f-6544-4128-bc36-fed7c36ec573		1	705115006	446609009	60140004
3c89374e-ad01-4db1-a203-e95ffac087db		1	705115006	446609009	161882006
34d7e6eb-dfd5-4fda-b6c6-fa79eb6078cc		1	705115006	446609009	254145001
6eb69d46-a350-465a-9f2c-f333f131ee2e		1	705115006	446609009	312894000
d53ce364-47f0-4519-9f16-2df24a6357e1		1	705115006	446609009	201788009
89b3b8d7-1ffb-4b29-bd2e-f871927b24bc		1	705115006	446609009	201467001
200e1a7c-d53d-4650-8809-066879acab66		1	705115006	446609009	445479007
8aaf2ff8-6251-4f78-ba09-c0b3ba8e0dbd		1	705115006	446609009	203033005
7ce0144b-bb36-42e8-b5e6-862c2ffde708		1	705115006	446609009	202770004
ba837e18-7b96-49a4-b4e8-b426cc7ca71b		1	705115006	446609009	235087000
371f5863-0d2c-4d95-8dcc-c82b8cc4eee4		1	705115006	446609009	30592006
e7930bb5-f74e-417f-be4f-c08d3a5f1321		1	705115006	446609009	428460002
3086bfa0-e9c1-42be-a46a-d021107ef417		1	705115006	446609009	202649003
07603a59-be54-4a22-a197-fec7d06254c3		1	705115006	446609009	240206002
8e38a032-5954-4311-adaf-b787805e5911		1	705115006	446609009	239796000
d214f43f-e81b-4274-b5e2-a398dedba1d4		1	705115006	446609009	202731005
3cef8492-219b-4684-9060-b316281037ff		1	705115006	446609009	5731000119108
7fef6256-c16b-458f-978c-42fe949f1dae		1	705115006	446609009	305911000119103
7bd6fe62-2d29-490e-886d-d242960b8855		1	705115006	446609009	928000
ef45c7b1-8b69-478d-9ee5-ce492598f569		1	705115006	446609009	202756004
30945724-b25b-416e-a476-3c9276c70a69		1	705115006	446609009	410502007
333ce2b1-35b5-497e-a410-77bd3a947ded		1	705115006	446609009	33322003
704668bd-2bfb-4fa7-a405-49333938d185		1	705115006	446609009	202725007
33f613bb-fe2d-4875-8084-b7a7db581e4c		1	705115006	446609009	443700006
23df0ee8-d7d3-4adb-b195-7253c21517ba		1	705115006	446609009	4530000
6e6a177c-c397-4fa4-b32c-2d67b4c21083		1	705115006	446609009	239789002
7d5dc0eb-3c50-49be-8f39-231c4093ae1d		1	705115006	446609009	109308007
c2aa2e9a-6972-431b-a3a3-c5e90d2b340f		1	705115006	446609009	268054009
ce6037fc-4b3a-4212-9ca6-eab4079e455d		1	705115006	446609009	201826000
3356892a-1069-4eb2-9005-286f6ff9447d		1	705115006	446609009	193248005
76f65146-5f6b-4c21-949b-b9164cd61f5b		1	705115006	446609009	196138005
34616cac-b0ed-4f7d-9161-2b6716c2f096		1	705115006	446609009	9631008
25b99b48-5a44-45af-8b3b-ce96da5d2f1b		1	705115006	446609009	76107001
981e3cbf-310d-4e74-93d2-13e924e33c7c		1	705115006	446609009	268240006
9376f49f-30c9-4c6f-b78a-5b93c974be54		1	705115006	446609009	36427004
99dbdb7b-b33d-4efd-913f-0403dbb80182		1	705115006	446609009	29689003
d5e421a5-ad49-4164-b3c9-80badead75dc		1	705115006	446609009	414564002
db2214fe-8b66-47bf-985e-e3707eb42a69		1	705115006	446609009	19410003
bfabe529-49b8-4ef6-a84d-264bccd5a2f4		1	705115006	446609009	240033006
4cf64400-54e5-4d5f-9068-8cd3434707d0		1	705115006	446609009	70917000
972c0ca9-d649-4247-87bb-a6b3d58a1d23		1	705115006	446609009	203698002
eea9679f-eb4c-4fda-a105-a0fa1b19a71d		1	705115006	446609009	21794005
5cfb9d67-29fb-4656-aec2-b72dced53f31		1	705115006	446609009	202724006
a7ec14c6-85a0-4cb9-b267-251f93034996		1	705115006	446609009	417130004
f214e26f-fc7a-4d91-9047-0048eb084cbe		1	705115006	446609009	20187005
04a01001-f23b-4869-96f4-7dcca3300847		1	705115006	446609009	239928004
2c6e99aa-2814-4594-88d3-7676feace459		1	705115006	446609009	26889001
711d518e-c15c-475e-8693-7ca92cf25116		1	705115006	446609009	35678005
8c57c111-ead0-4ed3-b92c-7afe41521bc3		1	705115006	446609009	203467005
6e51c0cb-ff97-4c3f-bcf2-f0d6596bdce7		1	705115006	446609009	84598000
96e00325-9c5e-4dbd-98b3-f6cf2c99259c		1	705115006	446609009	240190009
f7d3e188-4f3f-41a1-a906-0066e2184280		1	705115006	446609009	82725007
14f777f0-f38f-497c-822b-0b3aa7667c94		1	705115006	446609009	40668007
95dbba98-4456-4622-bbc1-264d75d666b0		1	705115006	446609009	240168009
4160c1cb-6c27-4f60-952b-127c81d10760		1	705115006	446609009	444844007
6869fafc-fb6c-4868-ac00-30d4950b1d84		1	705115006	446609009	80406003
817ba7b2-ac52-4d7d-8f15-d9807dc025cc		1	705115006	446609009	38774000
f486e721-7725-43b3-9c74-451c115837d0		1	705115006	446609009	35908007
636aecc7-d233-4634-ada8-c58b35ef5b80		1	705115006	446609009	109695005
9ac93bcd-68bf-439a-908b-c8b49b7530a8		1	705115006	446609009	398021003
a3f29658-116a-4263-9c17-103ee893d680		1	705115006	446609009	26077002
b64747af-e90d-402e-ba9c-7d6208ccddb8		1	705115006	446609009	372109003
f37863b8-9632-4c68-88c1-b6b3ccb8594e		1	705115006	446609009	40970001
3dd7576c-3dd2-42e3-a499-f8ec61df1bc7		1	705115006	446609009	84017003
385b38a2-4bbf-4670-8eda-3a592785befc		1	705115006	446609009	424114000
c5338633-294b-47c7-b09d-59c0fdc38262		1	705115006	446609009	193178008
8b27c83d-d8b2-4516-beda-da26149fca97		1	705115006	446609009	3345002
0fd348a9-7dc5-43ca-a5a8-cd1b0e8eb71e		1	705115006	446609009	14363008
473a68cd-8e98-4d74-b723-16fb4b1d18ae		1	705115006	446609009	78435003
16940b49-9be4-429d-90c8-189d1b154a25		1	705115006	446609009	417347005
0a13e645-d807-4c0a-9ad2-549eaa9dbb68		1	705115006	446609009	36948007
58b0a2fe-3fad-4a07-88d9-0c3cd8923573		1	705115006	446609009	51646002
cbd78126-f950-4ea9-a888-9e593d414324		1	705115006	446609009	426560005
14020261-36d7-49e5-af9d-b09e6858c83c		1	705115006	446609009	62501005
4ff47cca-90c7-43ff-a260-0d0775934f0f		1	705115006	446609009	63198006
0ea20d5b-f27c-42e8-bcf2-2ad41d4ac82e		1	705115006	446609009	37605006
9b932f90-f300-464f-903c-03f350eabd1a		1	705115006	446609009	1679003
7050394b-0921-4728-aac6-b23af54e2d3b		1	705115006	446609009	15350006
bb83ff7c-69db-4d8c-a6c1-8dfb71478c23		1	705115006	446609009	2169001
0c8207f4-40bf-4375-9e6a-89e291045faa		1	705115006	446609009	426082005
035d225d-d372-4194-ad02-899b1ab4cd3e		1	705115006	446609009	50442003
a6dc45d5-2787-42c0-ba7f-bffa5ce6280c		1	705115006	446609009	8847002
1ff2e4fd-2c3f-4aae-a376-c49de5350b29		1	705115006	446609009	64217002
18e511d4-4272-4170-89c7-d8dfa36c9c9a		1	705115006	446609009	71760005
6ff3df5b-75f6-464d-9293-fe454bcbf814		1	705115006	446609009	109340006
40caacb2-e054-44c9-a2f3-4ad2c2fa41cf		1	705115006	446609009	69195002
7df54d73-587c-4d37-87ec-431900265b55		1	705115006	446609009	95414005
cf2a297a-da6a-4845-861f-b7263f0e42a4		1	705115006	446609009	205258009
40f1ae16-ed98-414e-9918-24facc82013c		1	705115006	446609009	300261000119100
c7233892-53e0-4261-b8d3-8d258db0025e		1	705115006	446609009	27837003
ac5351a4-a2ef-4536-8e15-bd07ca73f0c6		1	705115006	446609009	72082009
eba48d36-3382-4927-9249-454cd0427a21		1	705115006	446609009	15843004
39904725-cf93-45f9-8418-e55883617ae5		1	705115006	446609009	7127005
892cac7c-f4a5-41c3-bc73-f8faae2e0ac4		1	705115006	446609009	427518000
11d53130-6133-422f-9e81-ee3043cc51b3		1	705115006	446609009	230314007
7b7f0957-1992-45f6-8d68-097b51022869		1	705115006	446609009	68815009
ab0e9c39-aed3-4e7e-b2ba-353b2905bc7c		1	705115006	446609009	60738003
ec6ccaea-d103-44fe-a6a2-399cac7b3f65		1	705115006	446609009	27151001
96d826b1-e6ab-4649-9c03-30afe3864fc6		1	705115006	446609009	427887006
bbb9c811-6880-41f9-90fd-3a8a3e282f3b		1	705115006	446609009	42812006
b7b45bea-e481-4ab9-8010-6b70e6b8e647		1	705115006	446609009	203665007
c3a58154-02e7-4ef8-ac60-06ff5e58a17a		1	705115006	446609009	53417006
7a6523d7-6423-4812-95bf-6fe31854aaeb		1	705115006	446609009	278715001
33e7e4f6-1d9d-4688-8e83-318266994bd9		1	705115006	446609009	239918008
b06f3b58-6305-461a-9e69-febdf3e9fb9e		1	705115006	446609009	415574006
09c15909-9cd8-40fc-8ea1-578f821bc990		1	705115006	446609009	60168000
e00f47df-59a0-4aae-9b6a-750ff1bcf4b1		1	705115006	446609009	428358000
23e911f0-417c-4aec-b47e-1163aa7922d2		1	705115006	446609009	240131006
777bc0c6-2008-4f7a-8895-0e3057a28a5c		1	705115006	446609009	72239002
785443d8-8ed2-4729-97dd-04bddf064f1c		1	705115006	446609009	52486002
be19a288-30ec-4b35-bc8e-8511693171fa		1	705115006	446609009	6058003
8f67b406-d4a1-4723-a52d-62e2c9088725		1	705115006	446609009	18735004
75a7a031-87b2-47b9-88cd-89dbadd8248b		1	705115006	446609009	15444000
dc14f347-34c6-476d-aa1e-0d837c4862c9		1	705115006	446609009	302641000119102
3d77b755-cb59-49ae-baa4-6016122662da		1	705115006	446609009	59867002
fc519571-a493-4957-a4a2-d6105b6bb312		1	705115006	446609009	109309004
1565f4e7-8693-46d9-9723-26ba591c2118		1	705115006	446609009	247369005
41bb9c89-2c64-48ef-ad13-53e16f6c351f		1	705115006	446609009	79214007
12fb8e0d-1fa8-4cf5-8e23-9cd7680464e4		1	705115006	446609009	202817001
8d109060-755f-419d-8225-af98f9dc8159		1	705115006	446609009	202155009
361a6aea-63e9-494c-ba80-b5101c888d0c		1	705115006	446609009	314621000119104
10e63e89-614a-4b6b-bb4a-f765404c3efc		1	705115006	446609009	303591000119102
03b012e7-a04f-4fc8-82bc-6e6902b28dc5		1	705115006	446609009	57676002
18d223fa-44db-41dc-8d20-c07acda6b537		1	705115006	446609009	110288007
2946fa71-a0f7-4128-af92-af912bece2c1		1	705115006	446609009	240221008
3f5de8c9-a864-4816-993c-20da1a1063af		1	705115006	446609009	240220009
e917595c-b820-45fa-bac9-cdfb111169e4		1	705115006	446609009	16594005
795ae8d1-a905-423f-9cdd-f78366831d2d		1	705115006	446609009	195363007
b30b8339-c633-4153-b968-6362b198ea3d		1	705115006	446609009	33420007
9ce45a2a-95e2-48e7-b363-b2c6aabd33eb		1	705115006	446609009	318761000119105
bf27e541-2312-4820-9198-dc7ebaa49f6f		1	705115006	446609009	391987005
d5e74da9-86c0-49eb-b2be-174f885a67e5		1	705115006	446609009	202757008
2702562e-4321-4424-b7a5-e2ee14effb45		1	705115006	446609009	405771009
02096f25-0e5e-4b23-ab99-770d95ebe042		1	705115006	446609009	387802007
ff622f8f-2c09-4238-9709-2493cf960d2b		1	705115006	446609009	202924004
4299fdbb-04df-4dba-a241-9018bb90c209		1	705115006	446609009	228158008
f37e9dd8-bb0b-4262-a277-f8c85a8d4dee		1	705115006	446609009	64859006
f51ec532-58fd-4da2-8e27-9f943d2df007		1	705115006	446609009	631000119102
12dc16ed-b9a8-48c2-bb74-44afabfb3869		1	705115006	446609009	202818006
e478a328-bcfb-44d1-b74d-24f2b9467b15		1	705115006	446609009	445018004
6b80f3cf-1e2d-427b-af4d-f5bee7a4eba8		1	705115006	446609009	4046000
b8fe327a-06e5-4ee8-b838-dc74d4cf1f71		1	705115006	446609009	38494008
2ef9e76e-b9c7-4c84-9125-e36927f8f037		1	705115006	446609009	391986001
0fa44a2e-43c7-4ba9-951b-6ce7426d48ec		1	705115006	446609009	109684004
c3488c5e-b149-4d4e-8e2f-8346e3d97da0		1	705115006	446609009	111246005
4eb04e52-a57b-4bd4-aaeb-10dd02f4d2c3		1	705115006	446609009	444879009
a73231a8-ab26-4949-a98f-480b7c661d84		1	705115006	446609009	396234004
ff874c5b-df5b-4bf5-b75e-04aeb91b4217		1	705115006	446609009	314611000119106
f95743d2-dc8c-43eb-b0ef-06ca6dd1b290		1	705115006	446609009	287047008
e91b1146-e5fb-4b69-8a54-9e4caa9f887c		1	705115006	446609009	239920006
9cb71300-d23a-4426-82d6-e3797b3e157d		1	705115006	446609009	55033002
aca79101-554f-4347-b41b-0b5cd2f073b8		1	705115006	446609009	427944007
522930f1-6dd2-4cdb-a791-452709fc19be		1	705115006	446609009	202941002
a541f383-748d-4982-a6da-8bdc720a1282		1	705115006	446609009	203630007
04d39c4f-dd7d-4a60-8e46-d5cf885c08fa		1	705115006	446609009	18283000
7d23af1f-0eea-4328-b71a-5334f61fe790		1	705115006	446609009	202823006
809346cf-2798-463e-a6e3-6d758200cf95		1	705115006	446609009	89155008
2175bf4b-580c-44a0-8a06-86f1f9d78a38		1	705115006	446609009	202816005
92e85b85-2731-4f33-aab3-7bece0958b76		1	705115006	446609009	54867000
8657d581-c5ba-42cb-bccb-3add1aa3128b		1	705115006	446609009	240205003
3b18b0ab-acdc-4b1d-a77a-2883290dddf3		1	705115006	446609009	81336004
1d318acb-ab1f-4164-9382-9e645f546bbf		1	705115006	446609009	444967008
0635677d-0760-4d67-85f2-03798812a18a		1	705115006	446609009	398114001
b83265e4-7a3e-40cd-b1c7-b58a3619df8c		1	705115006	446609009	203639008
ea1fe675-e504-45ef-b8cb-c84c9a0b1c74		1	705115006	446609009	202708005
52152610-bd69-4f55-a55a-96db3dea90f9		1	705115006	446609009	62667002
9b995d35-f6da-428c-b1a3-1ed674caba4e		1	705115006	446609009	55464009
a7d611df-8f7e-4407-a1c4-73718759bbcb		1	705115006	446609009	74391003
8b3b2292-fb7d-4483-a637-24541f4775f8		1	705115006	446609009	58856009
74aec2e2-13d2-4ea2-961d-fb892ed93279		1	705115006	446609009	203703008
910f0354-03fb-4b2c-b60d-90719e380523		1	705115006	446609009	155441006
8a0a8a8a-6370-4990-bca9-b8c821e6e9ad		1	705115006	446609009	45214008
51ff9341-d410-4935-b56b-037e615f4782		1	705115006	446609009	287045000
77d3da3a-7952-4c36-bfb7-e6364afc2b64		1	705115006	446609009	193250002
4f8891b6-c92e-4e4b-a645-2c47a9259c14		1	705115006	446609009	44551007
c2c50965-8b1c-4af4-8bbf-a58b327caa26		1	705115006	446609009	19441000119107
a1077f66-a441-451b-a498-b9397892c130		1	705115006	446609009	14651005
e6360000-8c2b-4252-ab09-860c29d9d9c3		1	705115006	446609009	57219006
592d8359-1b41-49ed-b1aa-bf3030fbdfad		1	705115006	446609009	413428007
8072dce0-12d8-49aa-978e-c852bcb10d2b		1	705115006	446609009	58188004
ac613192-e0f0-4090-900e-ac1daff91ccd		1	705115006	446609009	45352006
72b5de59-d0a3-4b8a-a27d-16c7a7d7cd19		1	705115006	446609009	425991004
3fa0f412-4745-4fce-80b7-848fadf0e76a		1	705115006	446609009	301000119104
b81a462b-52ef-447c-b4b3-94d782d2da55		1	705115006	446609009	38279006
96748d63-a49f-44f5-ba2d-fa1daafd9173		1	705115006	446609009	108061000119104
9d9732d1-35ca-42aa-96e8-076928fff0c4		1	705115006	446609009	202747007
edfb648f-a4d6-4a31-909b-4b6f23228ca5		1	705115006	446609009	240216005
e72744b2-af34-46c9-8495-25c66590faa3		1	705115006	446609009	66783006
5b23e919-7e44-4af6-aece-7f2ff4254ccd		1	705115006	446609009	203241002
51b65504-ac17-444b-961a-71df13f6b745		1	705115006	446609009	203696003
23b38b09-9096-4007-81be-2d7dfd0e79c3		1	705115006	446609009	2304001
08d27119-aa29-43b3-b747-85bd3676562f		1	705115006	446609009	26538006
f418b147-9c73-4901-bf73-deee35a28775		1	705115006	446609009	33937009
bcd1c33b-e13f-41d2-b2d8-541243381aeb		1	705115006	446609009	18231007
af192a83-e2df-4aa5-842c-029aa5b24d8c		1	705115006	446609009	109502009
5b49f0ea-fa00-43fb-9ff9-485e72f1fd1f		1	705115006	446609009	193252005
c95a963e-6e07-473e-9ed2-baf4bc333990		1	705115006	446609009	268274005
f9281537-e866-48d9-abf9-73d655d2fa4b		1	705115006	446609009	429275000
0cfbd6ca-fdd4-4811-933a-d60b19317aa8		1	705115006	446609009	13236000
d25a7607-6cf3-4664-86f7-b161d65f910b		1	705115006	446609009	95323007
250e2f92-9826-4d3e-a477-a80f185a23aa		1	705115006	446609009	95423008
efb7d612-462c-4a2e-8f96-8d1d2bc65f45		1	705115006	446609009	81680005
31e01540-e6c3-470d-87eb-9113e4530172		1	705115006	446609009	111215006
183a5d19-1717-4f01-958f-d944239892dc		1	705115006	446609009	72275000
9e979e76-44f9-4020-bc5b-a73222233853		1	705115006	446609009	428778006
afa41c35-b90f-4967-a18f-424cc2a2d7bd		1	705115006	446609009	202730006
21e02732-8721-4a5e-86ae-3c2d541d6476		1	705115006	446609009	203694000
45723f16-6a31-4fe1-9cb3-b42408d4be03		1	705115006	446609009	239832006
750b4edc-5a4c-400e-a719-38f72be9ef09		1	705115006	446609009	205468002
4f46f9d3-6f32-41ba-b1b4-9cfe0d694d68		1	705115006	446609009	398726004
5b1456df-baef-4c23-9887-aa3d12bd2e40		1	705115006	446609009	33308003
c08f23b4-4298-43a4-8b1b-9cb0fb68db1f		1	705115006	446609009	111265002
8b6ed830-2c8f-4799-b0fa-17b19831838c		1	705115006	446609009	1284000
e877ec7b-d538-4ae1-b6d9-2ecd4f441114		1	705115006	446609009	254062008
836b1529-0f46-4f3b-ac99-e66d1e479efb		1	705115006	446609009	77567004
02b8a558-a818-4b76-80b8-dfb8ed8b1b57		1	705115006	446609009	428671008
c3c90120-9432-4ec9-aea3-81d7311292a9		1	705115006	446609009	69896004
b933b17a-732a-4593-afea-5eea155e5390		1	705115006	446609009	13851000119109
75328af1-8f51-408f-814c-f90779fb267c		1	705115006	446609009	444552001
29414f38-7259-44dc-abfb-32f88749f892		1	705115006	446609009	109310009
295ec205-63ad-42c9-9af9-c426c747fc94		1	705115006	446609009	445473008
705f3837-3696-48a8-b448-7596c9b518bd		1	705115006	446609009	5601008
b7cd4ca6-f09f-426b-9914-cc3e2f07556f		1	705115006	446609009	80449002
dca57ba2-2f9a-4fc0-9ba5-2fdf6c83b971		1	705115006	446609009	205043005
229d571d-bde0-4971-92c1-800f2156b0e0		1	705115006	446609009	202664003
5a3919da-966f-4e33-bb7f-a66c12c7c40d		1	705115006	446609009	202465007
3583704f-e302-4e27-ad05-c9b3e296ac8f		1	705115006	446609009	90242006
beab8bd5-d07c-49dc-bcde-0992d89ef365		1	705115006	446609009	36186002
5f25edb2-be3a-46fa-8954-ef6837b3a8bd		1	705115006	446609009	201940003
00912f58-850e-4686-98c8-ad64063df3f4		1	705115006	446609009	41910004
05fb58b1-f535-4689-a09e-beba17fc7a64		1	705115006	446609009	425878001
140f2f0d-9452-4b03-9a73-634e3d6990c1		1	705115006	446609009	70736000
a161ad34-1f3e-4c08-bd5a-fdbf07f9a60d		1	705115006	446609009	80116000
6e73a19f-bc2c-480b-bb6c-7d6c161df153		1	705115006	446609009	59708000
af673e97-4976-4e44-87c2-b270e3a1dbfb		1	705115006	446609009	109314000
bc365c1a-0f83-4649-a1f9-f2d9a50272a0		1	705115006	446609009	398640008
cf852ee7-038f-48bf-964b-f1b43328067c		1	705115006	446609009	24693007
da67f057-bd01-4c52-b279-4cbeb8cb9a8a		1	705115006	446609009	68962001
023512f3-72f2-4929-885d-5c452baf4148		1	705115006	446609009	109316003
9a2d25b0-afcc-4c2c-bd33-2c72b226013f		1	705115006	446609009	109522008
fe54b34c-e35f-47cd-a3c9-4865c9fa34d3		1	705115006	446609009	240211000
acadfc9d-61b2-4c69-bdcf-24b372b87b14		1	705115006	446609009	60937000
e219d83a-a365-483e-ac67-c8021d6745c0		1	705115006	446609009	396347007
0324efb6-3b77-4689-8ebc-3c8121e2516c		1	705115006	446609009	239838005
2c57c650-dce2-4786-bafa-8f92f4fdb7e0		1	705115006	446609009	371189003
5e413543-43c4-4a31-b276-bfdc139be386		1	705115006	446609009	60490008
9df2d5e9-ab0c-4a3e-a2c2-af91ae0fa890		1	705115006	446609009	240138000
669c5d46-f812-43b3-8b8a-01636f76ddef		1	705115006	446609009	205045003
eb269278-f110-4474-9612-5124fce61ba7		1	705115006	446609009	111234006
1d7811b1-a9e8-44f3-ab22-298e64bbe4b2		1	705115006	446609009	427525007
2096c926-3a4e-4926-9751-2067815f6ce3		1	705115006	446609009	202432004
a2a01013-2253-49b8-b54c-46bc8e7faa4e		1	705115006	446609009	276660001
8f9b78d3-a062-4f12-92ab-eae0f8d56377		1	705115006	446609009	26544005
d1b84a4c-f121-4948-8e11-9ce56308975c		1	705115006	446609009	55300003
68ab0726-59d7-4cac-8188-8f071e22ce7d		1	705115006	446609009	240129002
45955806-c08f-4df6-ae8b-a83575e9a53e		1	705115006	446609009	205425003
cc2e2d94-6e22-4612-8c2d-376814f5681c		1	705115006	446609009	203695004
1577df4f-0acc-4c36-8b8b-cc7925a8b86c		1	705115006	446609009	72992003
08568300-a9ce-4a34-ba80-8968798d9e54		1	705115006	446609009	10317009
5605b3c5-72d9-4f21-91a0-c255ba459feb		1	705115006	446609009	444133002
52499223-f9d3-4d8c-a13c-f761d916a137		1	705115006	446609009	298253002
bfbb77c9-5c9a-425c-a281-1002e9e751d6		1	705115006	446609009	111820003
da17fd6b-acea-4e31-b9bb-55dcf68deb8b		1	705115006	446609009	40308000
b663ec04-b2c4-4d10-91b5-77df62a9c429		1	705115006	446609009	239840000
e3d76598-6540-4294-ab1e-2ea4863b5ebf		1	705115006	446609009	86219005
8dd6290e-d699-40e5-8add-1589b19d02fa		1	705115006	446609009	410797009
69751e01-dded-48af-b235-d3cf96ab2247		1	705115006	446609009	396230008
af0f0c76-4b38-4004-8f5e-31691b6acbd1		1	705115006	446609009	295091000119100
23152acb-5bca-464a-8fe2-d8ea73e488c5		1	705115006	446609009	21850008
913be9c0-cb42-44dd-b5c0-43cb30aeb47f		1	705115006	446609009	67425005
b0d0e77c-de22-451e-bf21-0039e615509a		1	705115006	446609009	85551004
d86451a8-3071-4dc1-8c01-e4c94db95626		1	705115006	446609009	24129002
6c58f94f-b730-4093-8f92-1d977f9e2b8e		1	705115006	446609009	93025007
3616be83-bbde-49d4-b0d5-f4d551592fae		1	705115006	446609009	128196005
3cea3e97-0f77-4d73-9166-8fec1a7173ce		1	705115006	446609009	111232005
6648a5a9-5956-478c-a113-e514fa184466		1	705115006	446609009	129501000119107
3c249eb8-6ce4-42ad-ae27-e05912e7669a		1	705115006	446609009	398049005
0f95fc67-ebb3-4537-bf94-b40fee1b9136		1	705115006	446609009	38827001
569758f7-f61a-4325-b311-9bfdf8c3cce1		1	705115006	446609009	4602007
3b310e0b-e78d-4fc1-92d4-59edc4a2e08e		1	705115006	446609009	109696006
10f6e4e0-530b-4c20-9a2e-52f724de6a41		1	705115006	446609009	190646000
fb9e5891-2997-467b-83b0-0d885a0101f1		1	705115006	446609009	445457002
c3bff134-bffd-42a4-b288-bf25fe3bf6f7		1	705115006	446609009	109312001
076bb029-16a1-4053-9e32-b67102b6ffb3		1	705115006	446609009	50927007
f515015b-5b49-4179-b1fa-c1575c59844e		1	705115006	446609009	370471003
b6a15145-c704-450c-922e-9320d83edf00		1	705115006	446609009	67801009
c5b36376-41ee-4b97-9d26-8c640121f124		1	705115006	446609009	400148004
6136729d-18c3-4048-8f92-7d0021be914b		1	705115006	446609009	239938009
25582938-fc0a-4c7d-adf8-8fb9c504355f		1	705115006	446609009	45939007
ed2815be-d572-4b3e-82a3-152ee71061f7		1	705115006	446609009	276720006
ef31ea28-084b-46f7-a4f1-432162702f64		1	705115006	446609009	268002004
b5ac86fa-54a8-4ef6-8304-e2e9c5ce1228		1	705115006	446609009	29352008
67abf57c-3e2f-4a78-b357-cdea3060bbed		1	705115006	446609009	61296009
dbdec8b2-c2cc-487f-a208-8bb99aae798a		1	705115006	446609009	109504005
51f5640d-0894-4a7f-96e2-b450ee6b492e		1	705115006	446609009	111270009
acc985c7-2dc1-45c4-9b9c-ddebb983de38		1	705115006	446609009	66634003
aeadaa27-70ae-4d89-b4f2-157befd98ff5		1	705115006	446609009	416209007
2e4cc34f-0d0f-48aa-a820-4747d8fe9316		1	705115006	446609009	203662005
5773325f-3910-4cd0-8dc4-f52fb4f2446e		1	705115006	446609009	82304009
7bfeb738-6b26-41b5-8f35-c48a206f4fd1		1	705115006	446609009	2775001
e5b37de8-b01b-4e72-a35a-4693b05bc2d9		1	705115006	446609009	111239001
f03dec82-3b85-43f4-bbae-819de1e39a27		1	705115006	446609009	95424002
7477db27-7aeb-4572-9734-c87d335568f5		1	705115006	446609009	35984006
c41cded1-3d05-4791-a1ca-d868846466c3		1	705115006	446609009	79232007
92f181fb-81e9-400b-b86a-f74932cd6d94		1	705115006	446609009	445008009
299f273d-c251-4188-9ac7-c990cb45a85c		1	705115006	446609009	202748002
65e982ab-f713-4ee0-ba6c-8eac86a2093f		1	705115006	446609009	71286001
9e840465-868e-4445-a342-6bcdc06713c9		1	705115006	446609009	203057005
85da6926-b68e-40f0-8992-15a86ac55d6f		1	705115006	446609009	61960001
eb74ca2f-da9a-4542-b2d4-b8d927d340d6		1	705115006	446609009	101411000119100
3f2c98ec-1af8-4807-951c-eb2d72439850		1	705115006	446609009	10948005
a1cfbadf-dc96-400c-98bf-e6ed9ca74d22		1	705115006	446609009	68675004
018bb4f5-afd8-414e-99e3-79c1f98b73f7		1	705115006	446609009	12010005
50751e0b-6272-4f3f-be7e-223d8082ce14		1	705115006	446609009	427500003
dd28feca-de4b-4cc5-8f36-8324f8a6398d		1	705115006	446609009	417455002
6644ba92-0409-42e4-9efa-b8cb9640c291		1	705115006	446609009	19579005
59edd926-3486-4941-8b0b-1d9275a9ae66		1	705115006	446609009	18347007
c65ded5b-43d1-478c-8f5c-ec43c5945ecd		1	705115006	446609009	278860009
64abaf81-524e-4d81-90cb-d32bec313bf6		1	705115006	446609009	444578005
845cdffc-d22e-445c-8140-0988ffcbbc0f		1	705115006	446609009	10597006
b1607759-ae1f-4dd0-9424-0c96e5450220		1	705115006	446609009	205052001
9bb91820-58c6-4f01-ab31-2dac6b42408c		1	705115006	446609009	68359008
c63a103f-4f9f-4f7d-8abd-8948b3bd9f3f		1	705115006	446609009	445505000
ff3e1377-86a5-44f2-9c94-ca9c8c8cb118		1	705115006	446609009	78314001
b97549d2-3cab-450b-8d14-de5ca376f012		1	705115006	446609009	202510005
8eb99732-c2b5-4c05-890b-6ecf193d75e8		1	705115006	446609009	72535009
ded7b4af-1854-493f-9d08-909cd25ee740		1	705115006	446609009	58407003
cd5abf38-32ef-47a1-964b-eb07cb7d9037		1	705115006	446609009	73589001
a8f851ee-51ac-4f5d-aa04-2a693796cbe7		1	705115006	446609009	122862008
f9242bc2-3085-4bd2-8f7a-c2ab546fd3e5		1	705115006	446609009	58561002
3c15d4d6-4ee7-4c32-9677-78ee038f5199		1	705115006	446609009	109500001
73015cfd-75fd-4318-bfb6-338b4a787372		1	705115006	446609009	203356008
be939ec2-bde1-4d4f-9eba-c2c805b08d6e		1	705115006	446609009	69234007
01b79844-ebaf-4ba2-b097-95e562362f10		1	705115006	446609009	287046004
0d02c571-be65-4a5d-99df-c0a433847f59		1	705115006	446609009	699699005
ce22b96c-ab1c-4ec7-90cf-a48181211d94		1	705115006	446609009	67374007
ccf77a14-143d-4b6c-a979-143de7288ca4		1	705115006	446609009	202733008
e9fbd87f-742d-4df0-9e7b-4cd71b9723dd		1	705115006	446609009	69746005
963d1e70-4c00-4314-93fb-98d251d3eb2f		1	705115006	446609009	318161000119106
91c6b33c-f02e-4110-8f82-fde85ac27936		1	705115006	446609009	203179003
627f1893-3d56-43cd-a845-940cfa3fff56		1	705115006	446609009	71311003
fd6d0551-8767-4bdd-9d20-566be1afb9c7		1	705115006	446609009	109520000
3befb7ec-a55f-4433-936e-ed37d6b9a964		1	705115006	446609009	76427005
c8c67de5-3972-44f0-80ca-1877158bc884		1	705115006	446609009	298254008
ddb80e39-678b-405c-8b88-3fc3dbe828c1		1	705115006	446609009	33719002
bbd2717e-c4bc-4d5d-84b3-f98e89b29f7d		1	705115006	446609009	60033003
5f343d1a-ab29-494f-9119-fe4b3c5414fd		1	705115006	446609009	413994008
f6615803-8f7f-45b6-8506-d65ea91ede4a		1	705115006	446609009	444905003
74ca060f-cd69-46df-b91f-7413e66b8104		1	705115006	446609009	23950002
eb873700-4305-4745-9d12-e057c0f047a7		1	705115006	446609009	19660004
f230ce88-973c-4dba-b715-df179bd50054		1	705115006	446609009	7890003
86a64f22-c10a-4c92-a11d-96e5b5df2a76		1	705115006	446609009	72951007
4f079a5b-bdc2-4548-9aa5-96b9e4c026e9		1	705115006	446609009	51409009
bf4e6812-577d-4cf5-8184-9ef43b67af1c		1	705115006	446609009	268267000
80d07b32-88fb-472f-bdcb-b7c0df320ae9		1	705115006	446609009	128197001
12845d3d-d022-4f8f-84a4-55e3d6c3e443		1	705115006	446609009	51952004
71ebc08e-a244-499e-a733-0aa5447df984		1	705115006	446609009	72047008
769d3e9a-1449-4e32-9845-1092fbd1939f		1	705115006	446609009	203468000
f3b12931-0a51-4a96-aace-22d0ca654bdc		1	705115006	446609009	202264009
9d193016-d957-4990-955e-d71399e3c731		1	705115006	446609009	245867000
07268b70-df64-4421-ae3c-511fd01a28d9		1	705115006	446609009	109345001
8064145f-fb6a-4277-a2ce-5d30f691fa6d		1	705115006	446609009	203631006
8c5e667e-016f-4b27-a93f-7ab842665b9c		1	705115006	446609009	81573002
93e1fbe8-cc2c-4b9f-9c70-c629e7b4c031		1	705115006	446609009	17300000
fc938b42-0084-48fd-b961-a4706d551876		1	705115006	446609009	387637008
5eada406-c722-43db-9f19-71215f5070c0		1	705115006	446609009	12584003
e114783e-5e9f-41b0-9346-476a4685d4a5		1	705115006	446609009	279038004
ca229010-7152-4e4c-95da-86f23704c156		1	705115006	446609009	25201000119104
8eafa265-1a33-481f-bd1c-1184926df899		1	705115006	446609009	202717005
e653c0d2-1bb1-4a3f-a667-7d4cc8a908d0		1	705115006	446609009	84097002
a5500cb1-690e-4da9-a05c-cf50c0cb7005		1	705115006	446609009	427681009
54d14b9f-6bd3-46c6-a0db-8c41f56c5528		1	705115006	446609009	90392009
4b778819-a237-4b69-8640-56a42533d26a		1	705115006	446609009	31487001
3568c5b5-840d-4a4d-97f6-094bc60e01be		1	705115006	446609009	73507002
4cee858f-585b-4d5f-ab6c-b6987cbc839d		1	705115006	446609009	429350001
9896f82e-13d9-4f16-a6d0-c62bc79281f5		1	705115006	446609009	202815009
7b56762f-03ff-45c8-96a1-bf27ccaa4fc0		1	705115006	446609009	95425001
39186835-c365-47ca-909f-65a9ebeddfdf		1	705115006	446609009	203646004
1471109b-6b2a-4b9f-a43b-cad02f2dd97f		1	705115006	446609009	29321007
4a940de0-6f29-41de-bc7b-4a6b403a9e3a		1	705115006	446609009	426546008
2a7a47b4-816c-48cd-ba32-7653a179ee85		1	705115006	446609009	203357004
f4ca5deb-a8cc-422a-bd56-d18b084788f6		1	705115006	446609009	203635002
4db90551-25bc-4b86-b200-b75ab2046ac1		1	705115006	446609009	236547007
e3e9b0d3-1476-4bd6-8e38-d44432e60d91		1	705115006	446609009	89874002
685eab53-b939-4e98-a1c1-094b55b5ff5a		1	705115006	446609009	239901009
