id	effectiveTime	active	moduleId	refsetId	referencedComponentId	acceptabilityId
95739532-9d13-545a-a0bc-0bb98352375b	20140926	1	705115006	900000000000509007	3012823011	900000000000548007
9fdf7d79-0c70-58d0-8d31-ea752cf0b9a8	20140926	1	705115006	900000000000508004	3012823011	900000000000548007
5d3667b1-298c-5ca3-9b8e-b9b73ea259e3	20140926	1	705115006	900000000000509007	3012861014	900000000000548007
63c9d4af-395f-5c25-b6e8-9f3eb44cebb6	20140926	1	705115006	900000000000508004	3012861014	900000000000548007
7b49aa9d-da47-528e-91ec-3e2447904ef5	20140926	1	705115006	900000000000509007	3012773019	900000000000548007
bb29e637-95a4-5769-bd22-fb720f877deb	20140926	1	705115006	900000000000508004	3012773019	900000000000548007
559d7cc5-39ef-5982-80d5-4754837dd9fd	20140926	1	705115006	900000000000509007	3012793010	900000000000548007
88ed34b7-9f49-5854-9e5f-3631c53f187a	20140926	1	705115006	900000000000508004	3012793010	900000000000548007
4a6c7ffd-9757-50ff-8331-682e900489ee	20140926	1	705115006	900000000000508004	3012797011	900000000000548007
f7c1ea0c-8dd6-5b3d-8a50-efe08abfca84	20140926	1	705115006	900000000000509007	3012797011	900000000000548007
0ad2c13b-c2cc-5d62-8fd8-efee2eb57d8b	20140926	1	705115006	900000000000509007	3012818011	900000000000548007
6ba62f55-3183-5a26-b340-12087dad40f9	20140926	1	705115006	900000000000508004	3012818011	900000000000548007
2607f635-7a9f-52df-a46c-a034fdf254bf	20140926	1	705115006	900000000000508004	3012822018	900000000000548007
c0df5ba5-e9d9-5e42-b9f4-1540914cb3ec	20140926	1	705115006	900000000000509007	3012822018	900000000000548007
cefd85e2-58ee-56f1-bd2e-71518bebbbcf	20140926	1	705115006	900000000000509007	3012847016	900000000000548007
fa93a7b3-3828-55fb-95bf-2569785693be	20140926	1	705115006	900000000000508004	3012847016	900000000000548007
7d462005-d6fc-5368-9051-7c115d26a0c2	20140926	1	705115006	900000000000508004	3012826015	900000000000548007
08fcd0dc-756c-5dae-a527-e6fa11852986	20140926	1	705115006	900000000000509007	3012826015	900000000000548007
1aabf4e4-aeb0-524b-80cb-466d7dd44c2c	20140926	1	705115006	900000000000508004	3012805015	900000000000548007
73333381-5fe0-5f5e-9257-3af77f657309	20140926	1	705115006	900000000000509007	3012805015	900000000000548007
e50a624f-180f-534b-aadb-24d89805518d	20140926	1	705115006	900000000000509007	3012785010	900000000000548007
472cfce5-a77a-5d89-9c56-bc04fb2854c4	20140926	1	705115006	900000000000508004	3012785010	900000000000548007
5db20e26-834c-5aec-a27a-3f1ca0a60dc2	20140926	1	705115006	900000000000508004	3012856012	900000000000548007
97df01de-2cc7-52f1-9af8-0db4ceeef57c	20140926	1	705115006	900000000000509007	3012856012	900000000000548007
aff58013-dbf6-5412-9241-b275d13071e5	20140926	1	705115006	900000000000508004	3012812012	900000000000548007
b699ca94-b510-590f-abac-d6daa6e8f3a2	20140926	1	705115006	900000000000509007	3012812012	900000000000548007
0c62afed-8720-52a8-96da-14035b1e1f39	20140926	1	705115006	900000000000508004	3012819015	900000000000548007
26e04d0b-c57f-58ed-974a-1f4eaa1c583d	20140926	1	705115006	900000000000509007	3012819015	900000000000548007
5737aa28-2815-515c-8bf5-1d2d12e96e5c	20140926	1	705115006	900000000000508004	3012860010	900000000000548007
5ccdd51d-4068-5f49-bb94-c7ba7ec899b5	20140926	1	705115006	900000000000509007	3012860010	900000000000548007
6dc492ea-a250-5b13-8661-c7ff12d0a7da	20140926	1	705115006	900000000000508004	3012789016	900000000000548007
81393f7d-9fb2-5c77-90f6-7d0bd7036bdf	20140926	1	705115006	900000000000509007	3012789016	900000000000548007
1715f72d-b567-5263-bf5a-9ca52bc088a5	20140926	1	705115006	900000000000509007	3012795015	900000000000548007
a88c843e-6ad8-5764-b1a5-ee144bc4cf11	20140926	1	705115006	900000000000508004	3012795015	900000000000548007
5bbc0fa8-ae5a-53af-8cfd-a5c0b3ccc751	20140926	1	705115006	900000000000508004	3012837019	900000000000548007
bf200a93-60a3-55f1-b853-da511190eaf2	20140926	1	705115006	900000000000509007	3012837019	900000000000548007
d445e98f-3b30-512a-aa7c-c3b1df12743c	20140926	1	705115006	900000000000508004	3012883013	900000000000548007
feac577d-c15f-5b2e-a010-2e5f44d3ebaf	20140926	1	705115006	900000000000509007	3012883013	900000000000548007
165dbf19-8a97-5b3d-96fc-a46bf767021b	20140926	1	705115006	900000000000509007	3012923010	900000000000548007
316b8770-3506-5dc8-aead-df5c34a83986	20140926	1	705115006	900000000000508004	3012923010	900000000000548007
2039303a-a73c-558c-a68f-b57572da8937	20140926	1	705115006	900000000000508004	3012937018	900000000000548007
45b4347c-9276-5593-b509-4873f5384de2	20140926	1	705115006	900000000000509007	3012937018	900000000000548007
52709e5d-d836-5a1b-b900-4dde78c762ba	20140926	1	705115006	900000000000508004	3012882015	900000000000548007
aa4b66d6-edf3-505e-b1c7-84e6310c26f1	20140926	1	705115006	900000000000509007	3012882015	900000000000548007
80970f98-28ef-5045-9c43-01148482906a	20140926	1	705115006	900000000000508004	3013810010	900000000000548007
e91bd959-a953-5ad7-aee4-1d9696c3258a	20140926	1	705115006	900000000000509007	3013810010	900000000000548007
655af949-a984-5869-81f8-c8cba89f516c	20140926	1	705115006	900000000000508004	3013870019	900000000000548007
ae0fb970-347f-5177-b146-ca28ea7562d0	20140926	1	705115006	900000000000509007	3013870019	900000000000548007
1d0f68d6-5e12-5ea0-9fb8-139fc7e73558	20140926	1	705115006	900000000000509007	3028071016	900000000000548007
b6ed647f-d1a7-5b4b-bfe8-5a79313495ea	20140926	1	705115006	900000000000508004	3028071016	900000000000548007
6f6d97fc-5506-5e27-8f99-30b751b19986	20140926	1	705115006	900000000000508004	3028142015	900000000000548007
f328a0e4-d718-5408-bac1-98e96e199b6e	20140926	1	705115006	900000000000509007	3028142015	900000000000548007
7ddff14a-0163-5df3-8445-5f06cf1c6cfc	20140926	1	705115006	900000000000509007	3028070015	900000000000548007
d39724bf-5b94-597b-812f-0939f0a8dc8f	20140926	1	705115006	900000000000508004	3028070015	900000000000548007
44fe7a89-5226-5b50-9fa4-52a1ecc76f26	20140926	1	705115006	900000000000508004	3028075013	900000000000548007
bcdfedc8-e1bf-5b44-ae91-82bb1ec11999	20140926	1	705115006	900000000000509007	3028075013	900000000000548007
2a6a19e9-2653-50fd-b401-36efa259f11b	20140926	1	705115006	900000000000509007	3023326015	900000000000548007
61989457-7f84-52b8-a51b-7ec69fd05691	20140926	1	705115006	900000000000508004	3023326015	900000000000548007
4225f95a-824c-5df2-9b57-dfa0f71d6687	20140926	1	705115006	900000000000509007	3023331018	900000000000548007
67725758-65ac-5d84-9cec-f6c6e4dc2175	20140926	1	705115006	900000000000508004	3023331018	900000000000548007
0093246c-57d5-51db-a289-bf8126978eb2	20140926	1	705115006	900000000000508004	3023334014	900000000000549004
95365dca-291a-58d8-b9bc-43189d9c252c	20140926	1	705115006	900000000000509007	3023334014	900000000000549004
9af208d5-f235-5087-a5dc-9306f2d17ca4	20140926	1	705115006	900000000000508004	3023328019	900000000000548007
b6719b14-85e6-5f98-870b-b5a79565a7d0	20140926	1	705115006	900000000000509007	3023328019	900000000000548007
2ad598ec-1ef9-5dd1-859f-d32559c503fc	20140926	1	705115006	900000000000509007	3023342010	900000000000548007
b4706065-4262-5512-ab3b-9b3fb17695ae	20140926	1	705115006	900000000000508004	3023342010	900000000000548007
31d4efad-1154-5224-a5b4-a22ed5907508	20140926	1	705115006	900000000000508004	3023329010	900000000000548007
3591f058-cd79-52c8-81bb-44c23e8bae03	20140926	1	705115006	900000000000509007	3023329010	900000000000548007
2d19ec99-965b-5d50-884c-5313600fb2dd	20140926	1	705115006	900000000000508004	3023339016	900000000000548007
f4c4bee1-ef3f-521d-b3f6-5cbe864529f5	20140926	1	705115006	900000000000509007	3023339016	900000000000548007
702fc1d3-efa1-5223-86b5-88a404f0771c	20140926	1	705115006	900000000000508004	3023344011	900000000000549004
890d89a7-2bb6-50f9-98c5-accd4e2e1cbd	20140926	1	705115006	900000000000509007	3023344011	900000000000549004
d15be43c-8fa1-54e3-9166-fdf9cb6d0ada	20140926	1	705115006	900000000000508004	3023327012	900000000000548007
dc30030a-c2c1-52d2-ab56-d9f6daec7641	20140926	1	705115006	900000000000509007	3023327012	900000000000548007
f413599f-aeb4-5e61-96f0-5ddf02e04f44	20140926	1	705115006	900000000000508004	3023347016	900000000000548007
ff60759b-5245-5372-bef2-6b38accfd3b5	20140926	1	705115006	900000000000509007	3023347016	900000000000548007
4c3621ef-7821-5369-a184-b41a6d1faea2	20140926	1	705115006	900000000000508004	3023333015	900000000000548007
8cc5baa6-9868-5a24-9fe5-811d9290cf1f	20140926	1	705115006	900000000000509007	3023333015	900000000000548007
cc3a444a-9343-5dd2-b2d6-5e34caba11dc	20140926	1	705115006	900000000000509007	3023335010	900000000000548007
d5f8e42f-e158-53c8-a183-d6aa7fbab16f	20140926	1	705115006	900000000000508004	3023335010	900000000000548007
7d38237a-6d33-5566-87a0-0d6204494911	20140926	1	705115006	900000000000509007	3023338012	900000000000548007
f3be1525-f191-5ea6-a876-67960d4c9d7d	20140926	1	705115006	900000000000508004	3023338012	900000000000548007
134e9ee8-d352-5193-bf0e-a872fcb0d488	20140926	1	705115006	900000000000508004	3023341015	900000000000548007
45d92817-020a-5e2e-8f7e-00c70a7089c4	20140926	1	705115006	900000000000509007	3023341015	900000000000548007
7d8f08b0-ef4b-5a0a-91e5-19da0011dec0	20140926	1	705115006	900000000000509007	3023336011	900000000000548007
f9bb0560-36a9-53c6-9041-3dc894ad3eff	20140926	1	705115006	900000000000508004	3023336011	900000000000548007
6e27deec-5898-5fa3-92ad-d399807e1252	20140926	1	705115006	900000000000509007	3023343017	900000000000548007
b6c0eec8-9713-5a26-8c3e-c3ea0e58c8ec	20140926	1	705115006	900000000000508004	3023343017	900000000000548007
2e4c9197-ab8b-580d-8c85-28b544df02e2	20140926	1	705115006	900000000000508004	3023345012	900000000000548007
ce5b02e6-5e1b-5c6a-bdca-cd7c768183a5	20140926	1	705115006	900000000000509007	3023345012	900000000000548007
5dcbe91d-6488-5792-9fda-af02b1d9ac24	20140926	1	705115006	900000000000508004	3023332013	900000000000548007
bca06237-ffaa-5ccb-8f80-85ab3bfa8030	20140926	1	705115006	900000000000509007	3023332013	900000000000548007
05224b2a-ed15-5d4d-ae7b-47fe0dea3cf5	20140926	1	705115006	900000000000508004	3023340019	900000000000548007
33e349da-dd7a-5c84-92ea-36dd2f34afc3	20140926	1	705115006	900000000000509007	3023340019	900000000000548007
31e0263b-46f3-58ab-95fe-bb68a8c8f3d0	20140926	1	705115006	900000000000508004	3023348014	900000000000548007
42f8d267-3d07-55be-a49a-9389f0c55b1e	20140926	1	705115006	900000000000509007	3023348014	900000000000548007
70d77f28-4c42-5bdb-b35e-7038fb91730b	20140926	1	705115006	900000000000508004	3023325016	900000000000548007
0f29c9c6-783e-59f6-ac25-89d493f11b2f	20140926	1	705115006	900000000000509007	3023325016	900000000000548007
67dec4e0-924e-5d5a-8516-b0184eae6a5a	20140926	1	705115006	900000000000508004	3023346013	900000000000548007
e705fcc5-e46f-538a-a3fe-f9094511045d	20140926	1	705115006	900000000000509007	3023346013	900000000000548007
33037126-fa72-5594-ba62-c144bed8d12c	20140926	1	705115006	900000000000509007	3023330017	900000000000548007
556a57b4-0a8d-5be9-a648-3a59cc5f4ef5	20140926	1	705115006	900000000000508004	3023330017	900000000000548007
f891ec13-66d7-591e-bf0b-1a32449bb27c	20140926	1	705115006	900000000000508004	3023337019	900000000000548007
fd4067bb-0b01-5f2c-a7ba-1f272a1cc1dd	20140926	1	705115006	900000000000509007	3023337019	900000000000548007
