id	effectiveTime	active	moduleId	definitionStatusId
428392002		0	900000000000207008	900000000000074008
417424008		0	900000000000207008	900000000000074008
274148003		0	900000000000207008	900000000000074008
12541004		0	900000000000207008	900000000000074008
214163002		0	900000000000207008	900000000000074008
473080007		0	900000000000207008	900000000000074008
249514002		0	900000000000207008	900000000000074008
92984004		1	900000000000207008	900000000000073002
236425005		1	900000000000207008	900000000000073002
210479004		0	900000000000207008	900000000000074008
36745003		0	900000000000207008	900000000000074008
234406005		0	900000000000207008	900000000000074008
367530008		0	900000000000207008	900000000000074008
92988001		1	900000000000207008	900000000000073002
161594007		0	900000000000207008	900000000000074008
197605007		1	900000000000207008	900000000000073002
395102008		0	900000000000207008	900000000000074008
267094008		0	900000000000207008	900000000000074008
182782007		0	900000000000207008	900000000000074008
313540005		0	900000000000207008	900000000000074008
161591004		0	900000000000207008	900000000000074008
407580005		0	900000000000207008	900000000000074008
165227003		0	900000000000207008	900000000000074008
367420002		0	900000000000207008	900000000000074008
301913002		1	900000000000207008	900000000000074008
161606005		0	900000000000207008	900000000000074008
23346002		0	900000000000207008	900000000000074008
161612000		0	900000000000207008	900000000000074008
165226007		0	900000000000207008	900000000000074008
365195009		0	900000000000207008	900000000000074008
92989009		1	900000000000207008	900000000000073002
1551000119108		1	900000000000207008	900000000000073002
771000119108		1	900000000000207008	900000000000073002
751000119104		1	900000000000207008	900000000000073002
741000119101		1	900000000000207008	900000000000073002
731000119105		1	900000000000207008	900000000000073002
721000119107		1	900000000000207008	900000000000073002
711000119100		1	900000000000207008	900000000000073002
1521000119100		1	900000000000207008	900000000000073002
1491000119102		1	900000000000207008	900000000000073002
441000119109		0	900000000000207008	900000000000074008
11000119105		0	900000000000207008	900000000000074008
92983005		1	900000000000207008	900000000000073002
240675006		0	900000000000207008	900000000000074008
367508007		0	900000000000207008	900000000000074008
267437005		0	900000000000207008	900000000000074008
332649001		0	900000000000207008	900000000000074008
407463008		0	900000000000207008	900000000000074008
404657004		0	900000000000207008	900000000000074008
445328000		1	900000000000207008	900000000000074008
214461009		0	900000000000207008	900000000000074008
205801004		0	900000000000207008	900000000000074008
314095002		0	900000000000207008	900000000000074008
161602007		0	900000000000207008	900000000000074008
60782007		0	900000000000207008	900000000000074008
203671001		0	900000000000207008	900000000000074008
161595008		0	900000000000207008	900000000000074008
196365008		0	900000000000207008	900000000000074008
86347007		1	900000000000207008	900000000000073002
190700007		0	900000000000207008	900000000000074008
92985003		1	900000000000207008	900000000000073002
240625009		0	900000000000207008	900000000000074008
162693008		0	900000000000207008	900000000000074008
135887002		0	900000000000207008	900000000000074008
161607001		0	900000000000207008	900000000000074008
103253004		0	900000000000207008	900000000000074008
214133006		0	900000000000207008	900000000000074008
161599002		0	900000000000207008	900000000000074008
428603007		1	900000000000207008	900000000000073002
26425000		0	900000000000207008	900000000000074008
13620007		0	900000000000207008	900000000000074008
253986002		0	900000000000207008	900000000000074008
284856006		0	900000000000207008	900000000000074008
238420008		0	900000000000207008	900000000000074008
700059003		0	900000000000207008	900000000000074008
405583008		0	900000000000207008	900000000000074008
284860009		0	900000000000207008	900000000000074008
301338002		1	900000000000207008	900000000000073002
237971004		0	900000000000207008	900000000000074008
191352003		0	900000000000207008	900000000000074008
92986002		1	900000000000207008	900000000000073002
57692007		0	900000000000207008	900000000000074008
247919005		0	900000000000207008	900000000000074008
312403005		0	900000000000207008	900000000000074008
414676007		1	900000000000207008	900000000000073002
407577009		0	900000000000207008	900000000000074008
271496006		0	900000000000207008	900000000000074008
419769007		0	900000000000207008	900000000000074008
414602008		0	900000000000207008	900000000000074008
414226003		0	900000000000207008	900000000000074008
203057005		0	900000000000207008	900000000000074008
414373006		0	900000000000207008	900000000000074008
20512000		0	900000000000207008	900000000000074008
298313002		0	900000000000207008	900000000000074008
123715003		0	900000000000207008	900000000000074008
253102001		0	900000000000207008	900000000000074008
161604008		0	900000000000207008	900000000000074008
48574000		0	900000000000207008	900000000000074008
473081006		0	900000000000207008	900000000000074008
161597000		0	900000000000207008	900000000000074008
407579007		0	900000000000207008	900000000000074008
428980005		0	900000000000207008	900000000000074008
160883006		0	900000000000207008	900000000000074008
347556009		0	900000000000207008	900000000000074008
133924005		0	900000000000207008	900000000000074008
190533004		0	900000000000207008	900000000000074008
72369006		1	900000000000207008	900000000000074008
92991001		1	900000000000207008	900000000000073002
214268000		0	900000000000207008	900000000000074008
203923004		1	900000000000207008	900000000000073002
417556003		0	900000000000207008	900000000000074008
703425009		0	900000000000207008	900000000000074008
56611009		0	900000000000207008	900000000000074008
373669009		0	900000000000207008	900000000000074008
117653000		0	900000000000207008	900000000000074008
161608006		0	900000000000207008	900000000000074008
284857002		0	900000000000207008	900000000000074008
314894004		0	900000000000207008	900000000000074008
44385007		0	900000000000207008	900000000000074008
214283005		0	900000000000207008	900000000000074008
699760008		0	900000000000207008	900000000000074008
164146004		0	900000000000207008	900000000000074008
95908009		0	900000000000207008	900000000000074008
365447006		0	900000000000207008	900000000000074008
284858007		0	900000000000207008	900000000000074008
274616003		0	900000000000207008	900000000000074008
403617009		1	900000000000207008	900000000000074008
416373009		0	900000000000207008	900000000000074008
161601000		0	900000000000207008	900000000000074008
286948009		0	900000000000207008	900000000000074008
703683006		0	900000000000207008	900000000000074008
161598005		0	900000000000207008	900000000000074008
443871003		1	900000000000207008	900000000000074008
103029004		1	900000000000207008	900000000000074008
403960003		0	900000000000207008	900000000000074008
240913009		0	900000000000207008	900000000000074008
92982000		1	900000000000207008	900000000000073002
195747001		0	900000000000207008	900000000000074008
286853000		0	900000000000207008	900000000000074008
188651007		0	900000000000207008	900000000000074008
238856004		0	900000000000207008	900000000000074008
72298008		0	900000000000207008	900000000000074008
700060008		0	900000000000207008	900000000000074008
111393000		0	900000000000207008	900000000000074008
59780005		0	900000000000207008	900000000000074008
214986008		0	900000000000207008	900000000000074008
500000		0	900000000000207008	900000000000074008
193017009		0	900000000000207008	900000000000074008
161605009		0	900000000000207008	900000000000074008
225960007		0	900000000000207008	900000000000074008
367367004		0	900000000000207008	900000000000074008
87788003		0	900000000000207008	900000000000074008
165225006		0	900000000000207008	900000000000074008
164383005		0	900000000000207008	900000000000074008
164145000		0	900000000000207008	900000000000074008
214088007		0	900000000000207008	900000000000074008
315631004		0	900000000000207008	900000000000074008
700064004		0	900000000000207008	900000000000074008
49607006		1	900000000000207008	900000000000074008
164395005		0	900000000000207008	900000000000074008
161600004		0	900000000000207008	900000000000074008
7777001		0	900000000000207008	900000000000074008
429204002		0	900000000000207008	900000000000074008
161603002		0	900000000000207008	900000000000074008
164623002		0	900000000000207008	900000000000074008
205011005		0	900000000000207008	900000000000074008
92987006		1	900000000000207008	900000000000073002
185797004		0	900000000000207008	900000000000074008
215216002		0	900000000000207008	900000000000074008
44008002		0	900000000000207008	900000000000074008
367488007		0	900000000000207008	900000000000074008
203978005		0	900000000000207008	900000000000074008
246763004		0	900000000000207008	900000000000074008
395657006		0	900000000000207008	900000000000074008
196362006		0	900000000000207008	900000000000074008
308551004		0	900000000000207008	900000000000074008
703424008		0	900000000000207008	900000000000074008
417335004		0	900000000000207008	900000000000074008
164147008		0	900000000000207008	900000000000074008
407465001		0	900000000000207008	900000000000074008
e8c6ae33-b88d-42cf-b05d-e59d2f5b055a		1	900000000000207008	900000000000074008
b81c6fae-156f-460c-beb4-45003dfa5be0		1	900000000000207008	900000000000074008
82740002-4011-41b8-aa91-af7a912f5cbe		1	900000000000207008	900000000000074008
d4f30fc6-5668-47e6-9936-72862db2376c		1	900000000000207008	900000000000074008
676b7993-f3f5-4d31-9877-24334a360e43		1	900000000000207008	900000000000074008
b11b5bee-de56-41e5-9af8-945805a263be		1	900000000000207008	900000000000074008
4982c4cd-b655-4956-9546-55e03a55825c		1	900000000000207008	900000000000074008
69a9f520-179d-4ea8-acf0-da31d12498f3		1	900000000000207008	900000000000074008
dd5ac544-8899-4308-9582-b4fa9ea34f5a		1	900000000000207008	900000000000074008
03b733b1-e3e2-4f0e-b020-af4e9d665458		1	900000000000207008	900000000000074008
1fc2ea67-1637-4595-b1d9-a3e9e9a0a668		1	900000000000207008	900000000000074008
41f8391a-d395-44ee-8ad5-7b324da7e94a		1	900000000000207008	900000000000074008
a6fd7892-e037-4a86-818c-37de7a014c4c		1	900000000000207008	900000000000074008
fa1b1083-6808-4011-b382-a5b0af156ad7		1	900000000000207008	900000000000074008
dfaccd97-4a0a-495f-a13c-bfcb252c11b3		1	900000000000207008	900000000000074008
6d1df6d2-37fb-4f58-85d5-61d95ca60c6f		1	900000000000207008	900000000000074008
3e58367b-55a5-4de1-832c-ccb972ab9f6b		1	900000000000207008	900000000000074008
18d10d8f-b47b-4be0-87a1-6c198a12fb2f		1	900000000000207008	900000000000074008
7cf8ba2c-2174-4eb5-a438-f30b343f770b		1	900000000000207008	900000000000074008
5803cd16-9d44-4fd6-835e-28ca716edaef		1	900000000000207008	900000000000074008
315d397e-fb34-48ab-9952-7c3569267e11		1	900000000000207008	900000000000074008
aab8aa3a-21d4-4692-94d4-6d14673f9a17		1	900000000000207008	900000000000074008
e7396c7c-0097-4b54-b1ce-a2a6d4bb5c8f		1	900000000000207008	900000000000073002
e78aa125-0bf4-4860-8c0f-a089734fecff		1	900000000000207008	900000000000074008
86ce1720-6cc6-4f9e-8bdf-f0451685d7ce		1	900000000000207008	900000000000074008
683df9de-2a6c-4159-bc8c-263692949df9		1	900000000000207008	900000000000074008
ae02f22b-12ae-4c14-8f2c-febca7c137d2		1	900000000000207008	900000000000074008
04b14214-95d2-4fb0-9c07-b8eb5b27cb1f		1	900000000000207008	900000000000074008
a85f9af9-f751-4bad-8e1e-57e61653dc30		1	900000000000207008	900000000000074008
afef36d4-00a0-40b3-a0d7-4eebe78b77b7		1	900000000000207008	900000000000074008
bbaab3b2-e86d-425c-96a8-b46e78271581		1	900000000000207008	900000000000074008
2238edff-5eac-49e7-acd8-b6bc90c59099		1	900000000000207008	900000000000073002
8de43f8d-9d97-407b-a0f4-2d0d47dab021		1	900000000000207008	900000000000074008
1c144695-0f09-4b5f-8dac-e4c328e88b00		1	900000000000207008	900000000000074008
3569314a-7d67-4c23-9e8d-a1ab82601944		1	900000000000207008	900000000000074008
0555b9b2-d72f-4e69-adcc-fce90d474091		1	900000000000207008	900000000000074008
a637895a-c06d-4d94-afa7-69cdd1fdc37e		1	900000000000207008	900000000000074008
64925fbe-d8b3-4cce-8311-f283e3ced5c3		1	900000000000207008	900000000000074008
1717661b-027d-4ee0-b037-2de51daa2c46		1	900000000000207008	900000000000074008
e22ace94-ee23-47c9-90dc-86620ce7d9a8		1	900000000000207008	900000000000074008
d56b6366-b531-4696-b8ee-c0262194acd8		1	900000000000207008	900000000000074008
a91d6aa4-59e5-48ca-9310-2e75e4cd2469		1	900000000000207008	900000000000074008
9bddd382-c140-4f8e-9ff0-4f8f8db71594		1	900000000000207008	900000000000074008
afa2fafa-2ccf-4a6a-8a1d-90f3bd363d29		1	900000000000207008	900000000000074008
fb609a3d-08fa-4cb0-ba65-84b0db0469ab		1	900000000000207008	900000000000074008
e2fbcd60-92f3-417b-9f50-3cf1b5afc311		1	900000000000207008	900000000000073002
6758f71e-a9f5-4434-8f8e-20002aa3dd36		1	900000000000207008	900000000000073002
6f9152b6-ffd2-41f1-a2dc-7a632ec557c3		1	900000000000207008	900000000000074008
a2ddc9a9-85d5-4e66-a0d4-6ac242d407fa		1	900000000000207008	900000000000073002
e82f97b4-d70c-4d35-91b6-91a7f53d2b16		1	900000000000207008	900000000000074008
d72ef602-6f36-4821-bd9c-76755c7b0245		1	900000000000207008	900000000000073002
421c1ef9-d94e-41bc-a6e3-ac5721a7bc9d		1	900000000000207008	900000000000073002
daf99d1e-df3b-4fc6-85c5-1a2936194c5d		1	900000000000207008	900000000000073002
4ca6fc13-1a5e-48d7-ab7b-5742c0c93fd8		1	900000000000207008	900000000000073002
627029e9-a91e-401f-aab4-99de8300156b		1	900000000000207008	900000000000073002
cb863379-b60a-4f6e-b45c-756ab99b2652		1	900000000000207008	900000000000073002
16d3c784-e71d-49f1-8958-a47570e31d26		1	900000000000207008	900000000000073002
217e8132-0cc0-4a69-9bce-9a433cc58ffb		1	900000000000207008	900000000000074008
5c8e3fca-e848-453e-8ec4-b08339bc2395		1	900000000000207008	900000000000073002
64da5a21-20f6-4b93-926a-27b5633ca4f9		1	900000000000207008	900000000000073002
a975f9c8-6cd6-47d4-9969-3eb767735214		1	900000000000207008	900000000000073002
d0a34dd9-35c6-4531-b28f-1b95297f5409		1	900000000000207008	900000000000074008
2c6c59db-9d3b-42d3-bf80-322fb0ddd124		1	900000000000207008	900000000000073002
f7c09579-0394-4fca-9427-ab7d12aada18		1	900000000000207008	900000000000074008
a3f523cf-2fb7-43c8-94fa-6092a7902cba		1	900000000000207008	900000000000073002
972176da-3ec6-41c8-9374-95465837928f		1	900000000000207008	900000000000074008
aa9b209e-ef07-44af-b9ad-3361857b012d		1	900000000000207008	900000000000074008
fb81b0b6-e0e5-4d42-9582-906f0bbe325d		1	900000000000207008	900000000000073002
6b9ae366-4e03-49db-a5b5-be6e5efa4f64		1	900000000000207008	900000000000074008
d8862234-6063-44a1-9120-7340f8bab8eb		1	900000000000207008	900000000000074008
54c453b1-66bc-420a-a1a0-c5c396946d91		1	900000000000207008	900000000000074008
031ee6cf-1f1b-4404-805a-ac4e04675cfe		1	900000000000207008	900000000000074008
65e1f6a8-ae60-4076-bdf8-e3d5c4d64853		1	900000000000207008	900000000000074008
d69d5075-d6a4-4800-a14d-6d6ffa3cbaf3		1	900000000000207008	900000000000074008
bb15ec8f-953b-4bb8-a9e3-4bf202681ad3		1	900000000000207008	900000000000074008
d3c9fa4a-8209-4e21-950d-f659558da03d		1	900000000000207008	900000000000074008
cc85086f-5039-4e2e-8426-aa820c069566		1	900000000000207008	900000000000074008
892409cd-3dc9-4899-9f8e-ffb301e88fd4		1	900000000000207008	900000000000074008
fb285656-b329-47d7-829d-90ee4a421451		1	900000000000207008	900000000000074008
c1f3aaf1-b040-48c4-aadf-fc0c08967291		1	900000000000207008	900000000000074008
08cd88bb-f63a-427f-9aee-3e16b8f7aeb6		1	900000000000207008	900000000000074008
67609c8c-746d-478d-879f-fcc7cc4d129c		1	900000000000207008	900000000000074008
63da7796-e38a-4514-962e-75ad65c6706b		1	900000000000207008	900000000000074008
f8188ade-6645-4de7-8376-064975d5b6fe		1	900000000000207008	900000000000074008
4531de72-f157-4d14-984b-1d3512ddcb61		1	900000000000207008	900000000000074008
da2f01b5-c6d8-4fcf-9f44-fdec5bbf7655		1	900000000000207008	900000000000074008
01da5fe7-6b26-4833-9164-27c00434420d		1	900000000000207008	900000000000073002
f109d581-4aae-4c72-99bf-21ed84055e67		1	900000000000207008	900000000000074008
c95ade1d-f90c-4f3f-a8a3-7833024cc518		1	900000000000207008	900000000000074008
79ceb981-3f4f-43e7-a96b-1f1eeb32b84b		1	900000000000207008	900000000000074008
6a36dbc5-8f20-4fea-8d9b-49cd7fd87f94		1	900000000000207008	900000000000074008
9c78a8b4-25c7-4151-8913-8a6e70ff5907		1	900000000000207008	900000000000073002
fbedf05b-042b-4008-8d74-d024c0bb96a8		1	900000000000207008	900000000000074008
f1f8b95d-991d-4816-8724-4d30cde70fd0		1	900000000000207008	900000000000074008
9dcc2f1f-1e65-4064-aa0c-fafd4b4ed3a9		1	900000000000207008	900000000000074008
9e2262c6-dadd-46cf-8e90-cb1d797625e3		1	900000000000207008	900000000000074008
f96708e7-98d8-47b8-a762-c709e1f2c977		1	900000000000207008	900000000000074008
a4f87a31-5f53-4b96-aa0e-4d3db0187ae4		1	900000000000207008	900000000000074008
439dee30-2bc1-4661-97c4-107e13447001		1	900000000000207008	900000000000074008
de5967a5-b815-4e4b-a49a-ea848ab365c7		1	900000000000207008	900000000000074008
bfc140c1-2306-47c4-a11b-5e10ed0135d9		1	900000000000207008	900000000000074008
f3961588-0ac4-4235-a6a9-31ac8e1b98da		1	900000000000207008	900000000000074008
87b00a2f-a06c-4f30-b8d1-23cef02261b9		1	900000000000207008	900000000000074008
517b5a34-6fb4-40c5-afb2-8bafaf361715		1	900000000000207008	900000000000073002
f5e4ad59-aeb6-41aa-b537-12ee6ef3d3ed		1	900000000000207008	900000000000074008
a9d7b47c-ef67-48dd-830f-2883c30d5345		1	900000000000207008	900000000000074008
6d1bd016-aa0b-411b-b99b-b7a80f90b2a8		1	900000000000207008	900000000000073002
a047d75d-0075-495c-9c09-a106b3d68332		1	900000000000207008	900000000000073002
62471fbb-0206-4723-9d83-c60cbeba738b		1	900000000000207008	900000000000073002
591ffb35-de21-4ee1-a0aa-ae0348903351		1	900000000000207008	900000000000073002
01440329-2a45-45d4-a138-75e6d83b5b60		1	900000000000207008	900000000000073002
5882c6f6-03e8-4131-9057-eb6ea0ba1096		1	900000000000207008	900000000000073002
cb041bf3-30b3-4d04-a0af-f70da1c74439		1	900000000000207008	900000000000073002
1c879638-5959-4e96-985e-4eeebc43e50f		1	900000000000207008	900000000000073002
533b41eb-550d-4ec8-9b7b-1c2cf2ddc123		1	900000000000207008	900000000000073002
f5bd7a98-f5bd-46fc-b622-c3ef434fe66e		1	900000000000207008	900000000000074008
73a148e7-b031-44ef-bbf8-e1a524de3e09		1	900000000000207008	900000000000073002
6799bd6d-f313-4954-8430-52ae75c6e847		1	900000000000207008	900000000000073002
08decddb-0bf2-4f7a-bf01-8989739ab894		1	900000000000207008	900000000000074008
7ec7d602-728f-4e65-949c-7e9c37210af8		1	900000000000207008	900000000000073002
6c51ef91-fda7-4a1f-a29f-4321967a35c8		1	900000000000207008	900000000000073002
99dce92e-006e-47c8-b09e-34a288c35e56		1	900000000000207008	900000000000073002
bbf04f13-b371-4427-8cf0-89696f414167		1	900000000000207008	900000000000074008
4cd1e1ee-55b2-4bf2-a737-ad3a4cca0521		1	900000000000207008	900000000000073002
86345d7b-1241-4065-afa5-bf1f24f0cd19		1	900000000000207008	900000000000073002
b1c9a737-9780-4bde-b235-bc58babafb59		1	900000000000207008	900000000000073002
aebbd390-70d7-4820-bd37-ad62caa4894b		1	900000000000207008	900000000000073002
0d5f28c9-46cc-48c2-9c17-c61842c2058d		1	900000000000207008	900000000000073002
2ed59674-bb4d-4f62-87d7-fd449ff1c0b5		1	900000000000207008	900000000000073002
061182bb-d327-47f0-9efa-71d1857f37b9		1	900000000000207008	900000000000073002
3f404455-1616-4ee8-a72e-e2add06e6a4a		1	900000000000207008	900000000000073002
263631a1-81b3-490e-a282-035d194b1651		1	900000000000207008	900000000000073002
d392a50c-438f-4a84-9652-d45dee810b00		1	900000000000207008	900000000000073002
2a434454-c59a-47d5-b899-db7f923c3d29		1	900000000000207008	900000000000073002
dcc82085-26e3-4d3a-93c5-560d65ec753b		1	900000000000207008	900000000000073002
f9801f44-59b9-42e7-9f1f-728193d9c6fd		1	900000000000207008	900000000000073002
8c806426-1e48-412b-bf6f-aab9a6ef6fbe		1	900000000000207008	900000000000073002
2b58d41c-1070-4d83-b12c-e01f3a70064e		1	900000000000207008	900000000000073002
6b3c1309-7960-487a-98eb-791898d73664		1	900000000000207008	900000000000073002
ae2c8822-b4c4-4732-9117-21b4b5cfdfd0		1	900000000000207008	900000000000073002
af744ad5-3979-425c-98e7-14b05e652f74		1	900000000000207008	900000000000073002
0ca7b5c7-5a3a-496b-82b3-124b17b0ad1b		1	900000000000207008	900000000000073002
fb185d5a-c970-4336-89b4-2a4892ceb19b		1	900000000000207008	900000000000073002
56a6e45b-7946-408f-9783-c0ca697ef172		1	900000000000207008	900000000000073002
60ffaaef-d2d3-46f1-9de4-697555c83ee8		1	900000000000207008	900000000000073002
f7cd0f8c-ba1c-4420-8b5f-b698039dc276		1	900000000000207008	900000000000073002
0696fb45-e94b-4151-af21-0bf0c8022ca5		1	900000000000207008	900000000000073002
8f2a616e-caa6-40cb-bdf9-61d4b6b7fbdb		1	900000000000207008	900000000000073002
6efe6342-8e5e-400a-a287-6da0ed13a1f1		1	900000000000207008	900000000000073002
f7829cc0-9aa4-42cb-b2c4-79f3ec385c55		1	900000000000207008	900000000000073002
4b0f4296-79b8-477a-9201-8b3f3d184377		1	900000000000207008	900000000000073002
2a9e621d-0d22-443e-9610-bd3ee48b3e1b		1	900000000000207008	900000000000074008
f7c32a3a-cfc8-4a7b-aa8f-a736a77e2316		1	900000000000207008	900000000000073002
ad995469-32c6-446b-b02a-dc24601cffbf		1	900000000000207008	900000000000073002
c7316469-5cdb-4a35-8df4-b68f6d7eb0d6		1	900000000000207008	900000000000073002
432f3f46-f186-4568-8a5d-f26f09f60645		1	900000000000207008	900000000000073002
f760eb0e-7f90-4292-b682-74540ab15f0d		1	900000000000207008	900000000000074008
e110ed63-38f8-411b-850b-deb17793e1ce		1	900000000000207008	900000000000074008
0bfb7eb8-c1e1-4d5e-8229-cff53d738565		1	900000000000207008	900000000000073002
c623318e-280d-49bc-9150-0a7e95350441		1	900000000000207008	900000000000073002
74efbae9-33f4-4af6-806a-9db4f4109e39		1	900000000000207008	900000000000073002
2d653825-f4ca-4387-9e30-1c51f6a165a4		1	900000000000207008	900000000000073002
25936346-6c25-4762-a1c5-7f760fc8a8b7		1	900000000000207008	900000000000074008
5c5eb054-0266-40a4-928b-2d31efcc3553		1	900000000000207008	900000000000074008
e517ac0d-8946-4f07-9665-4bf9b4e6251f		1	900000000000207008	900000000000074008
704fbc61-e319-40f4-a106-cdc686e321a3		1	900000000000207008	900000000000073002
fe0bff2c-3e55-41a6-a99d-0d5a6c5f332c		1	900000000000207008	900000000000073002
e71a05da-36db-41c1-bdb5-17747028f61a		1	900000000000207008	900000000000073002
7617c31d-747b-470a-95c1-c9316b0b8919		1	900000000000207008	900000000000074008
00f94a8c-40b8-4fd0-a613-20d883f30d9d		1	900000000000207008	900000000000073002
e2a0fb05-d6f1-425d-9f52-172f31204f00		1	900000000000207008	900000000000074008
1f8eb5ad-06e3-4f7d-b20c-c8bc8f2edf6a		1	900000000000207008	900000000000073002
1727059d-9640-4f88-b627-120e7ab4036f		1	900000000000207008	900000000000073002
8476ef3e-8fa7-41af-85f4-397fd10a8f45		1	900000000000207008	900000000000073002
d2a170bf-20ac-4159-a04b-7674ffdf0463		1	900000000000207008	900000000000073002
ea3fb4ec-ebed-4409-8470-32f5a9f8d506		1	900000000000207008	900000000000073002
692d91fd-1a4a-405f-972a-99de1b66cf62		1	900000000000207008	900000000000073002
cc44e863-df2f-4e63-81a5-040fd1662534		1	900000000000207008	900000000000073002
ee4c069c-ffd9-4c2b-974d-da578a0407d0		1	900000000000207008	900000000000073002
f4d23592-4e5e-41db-92e6-53bddfd10047		1	900000000000207008	900000000000073002
994253e9-d23a-47c9-a606-821bb8e75c63		1	900000000000207008	900000000000073002
6ee79feb-f26f-4829-bb61-705064a371e8		1	900000000000207008	900000000000073002
1248a601-a1ba-4028-9d08-281282cce6ce		1	900000000000207008	900000000000073002
d75bd8db-2dbb-4096-8fd6-a3a59b2c99e7		1	900000000000207008	900000000000073002
f190b0bb-e14a-42c9-8dd7-70222fb303f6		1	900000000000207008	900000000000073002
b226cd00-00bc-4018-81cb-7f8dea3eeb18		1	900000000000207008	900000000000073002
0c1cbb7f-7ed8-4295-b6a6-81297e310a6e		1	900000000000207008	900000000000073002
a045d550-351d-4016-90d2-8cc403412514		1	900000000000207008	900000000000073002
27580d09-d5c1-4e1d-8605-e1fdb24cb03b		1	900000000000207008	900000000000073002
9a7d2cc8-4f0a-444b-aae6-f3dde3a25def		1	900000000000207008	900000000000073002
98ed6846-0fc2-4748-b84c-cd97dd36aad7		1	900000000000207008	900000000000073002
d7626146-eafe-414e-85e3-eff8ee672aa6		1	900000000000207008	900000000000073002
9a9a7dbb-7475-4374-884e-1d620ac332a7		1	900000000000207008	900000000000074008
f503e6a7-9522-4ff3-bbb4-7c9bbf4cac40		1	900000000000207008	900000000000074008
2615f73c-ab36-47f9-88ad-6c0789f3aebd		1	900000000000207008	900000000000074008
0076752c-58e9-43a9-8da2-af040e0413cb		1	900000000000207008	900000000000073002
7c326b8a-02be-40a3-9d23-e9539cc001a3		1	900000000000207008	900000000000074008
c2238117-5a5d-41ab-b8ef-25b852875bf0		1	900000000000207008	900000000000073002
dd805d33-c457-444f-92a5-5509c06d2318		1	900000000000207008	900000000000074008
3e2236c6-80b1-432e-9d9b-11c4746ba514		1	900000000000207008	900000000000074008
8fb6468f-8d3d-4353-8cf9-138701db0179		1	900000000000207008	900000000000073002
a96df1e9-eebd-4f34-91f2-f000f2e6581d		1	900000000000207008	900000000000074008
8ead63c0-c0d7-4487-9f24-5eedb42b330e		1	900000000000207008	900000000000074008
ab5534f5-53f9-404a-bdcd-acccebc449d2		1	900000000000207008	900000000000074008
676921f0-4b36-429e-a768-0d67d74bdd54		1	900000000000207008	900000000000074008
c2c7e6ba-b52e-470c-be9a-442cf57109a2		1	900000000000207008	900000000000073002
f414777a-d357-45b5-82b1-83dcb728bb5c		1	900000000000207008	900000000000074008
3baca558-4df8-4cc4-96ff-4ac0aadf9fcf		1	900000000000207008	900000000000074008
e2fe2cf8-ebdf-40d0-a04c-05ef049f18d5		1	900000000000207008	900000000000073002
e42008e4-75b7-4906-8cd9-e69427150023		1	900000000000207008	900000000000074008
8cf4dccf-738e-4258-b312-dde09486ab77		1	900000000000207008	900000000000073002
c3583eb3-0c41-444b-b230-649e4114f933		1	900000000000207008	900000000000073002
ba48c34a-6b41-4414-8055-e17a9c3b307e		1	900000000000207008	900000000000073002
3f94db07-4404-4b77-b9fd-e613ac69d1f2		1	900000000000207008	900000000000073002
407de340-f414-46d8-8802-8212758d1c46		1	900000000000207008	900000000000073002
3b2ee274-dffa-48b0-ad4d-56a110273deb		1	900000000000207008	900000000000074008
fde94440-018f-4d8a-8616-50c707e07b08		1	900000000000207008	900000000000073002
179ca9e6-bab4-43ba-ada8-adfaa04f2fa9		1	900000000000207008	900000000000073002
98025023-a272-44b6-b040-9375f5ec1b0b		1	900000000000207008	900000000000074008
bf5a00b9-712e-4d9e-80de-defd5bf305dd		1	900000000000207008	900000000000073002
d674cf77-855a-4c9c-83cd-126684002b31		1	900000000000207008	900000000000073002
03ff551d-a1cc-49b6-a44c-f9733332e152		1	900000000000207008	900000000000074008
b23c562f-8af3-4f61-bab7-e23299e2b586		1	900000000000207008	900000000000074008
24681f80-09a5-4af0-8eca-f7714cd7731f		1	900000000000207008	900000000000074008
7da74687-7364-47ae-adc8-fbe94b527cd4		1	900000000000207008	900000000000074008
fc678080-2847-46a1-bcd9-e036980eab7a		1	900000000000207008	900000000000074008
ca37ac7e-f2bc-4ef2-945a-12a5cb57c133		1	900000000000207008	900000000000074008
7a9a4c61-9139-489c-91e5-f15b3330c829		1	900000000000207008	900000000000074008
127901000119107		1	900000000000207008	900000000000074008
41911000119107		1	900000000000207008	900000000000073002
78331000119108		1	900000000000207008	900000000000074008
312f7dc9-e9e1-45f4-a45c-1e0610d0aab3		1	900000000000207008	900000000000073002
04eb9c12-373e-461a-8445-52d96cba73f7		1	900000000000207008	900000000000074008
e23c5e60-c651-46db-8b45-d69c8b2cbc25		1	900000000000207008	900000000000074008
c5567595-49c9-4bf9-a843-13bcfb1af2f9		1	900000000000207008	900000000000074008
97192fa9-8e0f-4b57-a7cd-4c022eb14a76		1	900000000000207008	900000000000074008
f20a69d9-c261-48f1-aebd-1a4653e265b1		1	900000000000207008	900000000000073002
039bcd9a-dedd-4efb-ad9f-70aeae13b89c		1	900000000000207008	900000000000073002
367081000119103		1	900000000000207008	900000000000074008
32641000119107		1	900000000000207008	900000000000074008
2650f9f8-908f-49cb-b31a-20db4569b4e0		1	900000000000207008	900000000000074008
084ce931-751b-4341-b188-69275cae38e2		1	900000000000207008	900000000000073002
120711000119108		1	900000000000207008	900000000000074008
0ff5dc4c-0db5-4932-8a9b-f93349f14379		1	900000000000207008	900000000000074008
84da8d23-5bc7-4f0b-8849-d6c20e39649f		1	900000000000207008	900000000000074008
081d82f8-8d68-49bf-a617-f252088a25fb		1	900000000000207008	900000000000073002
96245296-b903-4bc7-8217-c27c06d1b3b7		1	900000000000207008	900000000000074008
42350cb6-f321-4b7b-9d6d-20dac43ce960		1	900000000000207008	900000000000074008
c4b2a1b3-0da7-4008-a73c-1e2e7f2cb33f		1	900000000000207008	900000000000074008
a5f81f23-99f5-4c59-8ae8-ff56f8dd9348		1	900000000000207008	900000000000074008
dcca18b8-f862-4c96-a7f7-d0174b7dfc08		1	900000000000207008	900000000000074008
c0d09218-231c-4008-851b-78e5da746f24		1	900000000000207008	900000000000074008
598ae848-bb0b-4812-9149-e03c430e8b64		1	900000000000207008	900000000000073002
11991000119105		1	900000000000207008	900000000000074008
3211dfee-f100-4ef9-a1f0-88cd285bf162		1	900000000000207008	900000000000074008
122811000119101		1	900000000000207008	900000000000074008
440ece23-4be9-4e79-8cb6-a4b2483a849e		1	900000000000207008	900000000000074008
bf46f01a-1ae1-4fd6-82dd-2f7dd3df9f53		1	900000000000207008	900000000000073002
99631000119101		1	900000000000207008	900000000000074008
82581000119105		1	900000000000207008	900000000000073002
40421000119104		1	900000000000207008	900000000000074008
367831000119109		1	900000000000207008	900000000000074008
43b06cd2-3469-4e2b-b4e2-76c6df0e59d5		1	900000000000207008	900000000000074008
f6c21cb2-8cdb-4148-abef-b5b96d838ee2		1	900000000000207008	900000000000073002
367011000119109		1	900000000000207008	900000000000074008
367101000119105		1	900000000000207008	900000000000073002
99651000119107		1	900000000000207008	900000000000074008
135141000119104		1	900000000000207008	900000000000074008
119831000119106		1	900000000000207008	900000000000074008
3761000119104		1	900000000000207008	900000000000074008
90731000119103		1	900000000000207008	900000000000073002
90721000119101		1	900000000000207008	900000000000073002
84371000119108		1	900000000000207008	900000000000073002
68061000119109		1	900000000000207008	900000000000074008
367971000119102		1	900000000000207008	900000000000074008
17711000119106		1	900000000000207008	900000000000074008
fda3a277-144c-499e-b060-9919225a0f85		1	900000000000207008	900000000000074008
78a72b7f-2102-486f-8b6d-695f971f3e34		1	900000000000207008	900000000000074008
530f0158-9f2f-49e7-8f3c-127aba63e618		1	900000000000207008	900000000000074008
ea6e2b87-ace3-4917-bc72-7a6159a92572		1	900000000000207008	900000000000074008
ef41d220-a1d5-4464-bf40-c2ac0322a75e		1	900000000000207008	900000000000074008
abbf222e-1b95-49a3-b025-44b94cb926b4		1	900000000000207008	900000000000074008
1b54ffcd-084a-41ee-aade-b02871c154c8		1	900000000000207008	900000000000074008
4dce5b2a-30b8-4205-aca4-f2c0bbe30322		1	900000000000207008	900000000000073002
14668a76-4372-4605-aff9-fe92028e1315		1	900000000000207008	900000000000074008
9cd95b90-2fdb-4d51-9c52-222e971cc771		1	900000000000207008	900000000000073002
f81403a6-702f-4ec3-b965-7c1cb39f23e6		1	900000000000207008	900000000000074008
0fb344e5-7677-4b89-b37c-ce1a4a1296f0		1	900000000000207008	900000000000073002
439d78bf-05da-4db4-8879-d3d3626075d7		1	900000000000207008	900000000000073002
5d58e898-6032-41f2-a716-c2a6c107ad6e		1	900000000000207008	900000000000074008
ea757fe7-e2fe-4e2e-89b7-2b78f692538d		1	900000000000207008	900000000000074008
a982d5c5-30e7-4f1a-a2a1-9091f5f506b0		1	900000000000207008	900000000000074008
ffe415ad-f2e6-4d49-b063-a43946d5a817		1	900000000000207008	900000000000073002
b7aaf369-9f77-4c0c-99d7-b77354f0a7e5		1	900000000000207008	900000000000073002
b921a498-93a0-44d1-9c58-3b53dcdec5e0		1	900000000000207008	900000000000073002
9af5a416-839b-4b79-b125-cfb324475f06		1	900000000000207008	900000000000073002
ad3496c6-7155-4557-94bd-fb08151f8fd9		1	900000000000207008	900000000000073002
3401aa0e-a011-4fa8-adfc-b7789ecc3fd1		1	900000000000207008	900000000000073002
b30d278e-6b1d-4534-98a9-7965da5db289		1	900000000000207008	900000000000074008
fa4ed1e7-3ee7-47e7-b1c9-524602eac9c1		1	900000000000207008	900000000000073002
55341000119107		1	900000000000207008	900000000000074008
736c5f20-af5d-4862-994c-e6eccc77d317		1	900000000000207008	900000000000073002
17151000119108		1	900000000000207008	900000000000074008
ee6ebafe-b5a8-4a02-afdd-2c01e0223a1e		1	900000000000207008	900000000000073002
367581000119107		1	900000000000207008	900000000000074008
788f7b12-cacb-4385-a9c6-2cc6ac143f25		1	900000000000207008	900000000000073002
139811000119109		1	900000000000207008	900000000000074008
0a3c9bf6-b40a-4911-b6b8-cd6f9dc36c14		1	900000000000207008	900000000000073002
367821000119106		1	900000000000207008	900000000000074008
110181000119105		1	900000000000207008	900000000000073002
50969205-3cd2-47f5-9346-dccb3df370e6		1	900000000000207008	900000000000073002
bcfbdfad-b8b2-41ac-a2f6-3accb34ae6db		1	900000000000207008	900000000000073002
c83acda1-b047-44b3-a108-fcd2c90454a4		1	900000000000207008	900000000000073002
8061000119107		1	900000000000207008	900000000000074008
74011000119107		1	900000000000207008	900000000000073002
72031000119107		1	900000000000207008	900000000000073002
cf3788f4-9a20-4ceb-8f6c-67878ae47a69		1	900000000000207008	900000000000073002
fd0672f0-b185-4838-afe9-76c5f7ffa8f9		1	900000000000207008	900000000000073002
d6c554c9-59df-4bac-87b3-166e1469a869		1	900000000000207008	900000000000073002
16031000119101		1	900000000000207008	900000000000074008
109041000119107		1	900000000000207008	900000000000074008
367871000119107		1	900000000000207008	900000000000074008
367561000119103		1	900000000000207008	900000000000074008
100191000119105		1	900000000000207008	900000000000074008
368851000119102		1	900000000000207008	900000000000074008
367571000119109		1	900000000000207008	900000000000074008
71771000119100		1	900000000000207008	900000000000074008
72021000119109		1	900000000000207008	900000000000073002
99621000119104		1	900000000000207008	900000000000074008
13901000119100		1	900000000000207008	900000000000074008
102031000119109		1	900000000000207008	900000000000074008
f16c3c45-255e-4999-a051-c85314f17c85		1	900000000000207008	900000000000074008
120731000119103		1	900000000000207008	900000000000073002
149941000119100		1	900000000000207008	900000000000074008
1541000119106		1	900000000000207008	900000000000073002
250591000119109		1	900000000000207008	900000000000074008
87441000119104		1	900000000000207008	900000000000073002
15911000119103		1	900000000000207008	900000000000074008
81405d13-735f-468c-8ec6-1cfcaf65e388		1	900000000000207008	900000000000073002
ce95687e-41a1-4bb4-90ba-7547d2aba173		1	900000000000207008	900000000000073002
ccba4606-31e6-4172-81c4-6d6e2922ebe4		1	900000000000207008	900000000000073002
1d72a018-79a8-4250-8597-c5fc5e5ceced		1	900000000000207008	900000000000073002
a55ed48e-efd2-466c-b6d0-766c6103aa91		1	900000000000207008	900000000000073002
5e5df60a-fd58-48a0-9f60-14b1837dd1d8		1	900000000000207008	900000000000073002
e3ccfed0-51ec-4167-b293-09dfe1f1052f		1	900000000000207008	900000000000073002
24c186b1-58c9-4162-bb2d-aa5116317c05		1	900000000000207008	900000000000073002
b01489f5-b84b-44d6-8252-7fa3179677c2		1	900000000000207008	900000000000073002
8dd3d9f3-acc2-4a47-b78b-98ea54e67ad9		1	900000000000207008	900000000000073002
55d04b5d-51b1-411a-bc56-0ce2f61a3c37		1	900000000000207008	900000000000073002
9eb7c807-4b12-4640-9138-d129340f6993		1	900000000000207008	900000000000073002
f7103cb6-3a3b-4760-86c1-08711bcb686a		1	900000000000207008	900000000000073002
c214fba2-ea72-45a9-b279-ec7289d6946a		1	900000000000207008	900000000000074008
e0b51a4b-bfae-42e4-9472-ad5becdc6705		1	900000000000207008	900000000000073002
7e32bd29-e592-4f95-a51f-41ce2bb642ff		1	900000000000207008	900000000000074008
29401350-207e-4fed-91c8-c5b63f36c42c		1	900000000000207008	900000000000073002
0a992aba-fe51-42d7-80cd-af1822e1445a		1	900000000000207008	900000000000074008
50b1b947-09fb-44e4-8c85-c6ac2e9badc4		1	900000000000207008	900000000000073002
22b3dd65-7e76-4c54-8f8b-adeee352a86e		1	900000000000207008	900000000000073002
98e00eb4-4f45-43e8-84de-b75c27001c88		1	900000000000207008	900000000000073002
967d658f-ca33-49ef-9e8c-989ad3727b35		1	900000000000207008	900000000000073002
af1d70b8-9dd5-440a-bdcf-7bf0155c47d8		1	900000000000207008	900000000000073002
112421000119102		1	900000000000207008	900000000000074008
78341000119104		1	900000000000207008	900000000000074008
105401000119101		1	900000000000207008	900000000000074008
1098ac69-609e-471e-ae2e-42f339583573		1	900000000000207008	900000000000074008
9051c565-ceeb-47bf-bc27-786df425a560		1	900000000000207008	900000000000074008
f869de75-c5ad-404c-857b-90b862e9a09d		1	900000000000207008	900000000000074008
58163473-50c4-4957-bdab-72f7c4c6ecf9		1	900000000000207008	900000000000074008
fd973beb-51dd-41ba-8c5e-402b80b4884a		1	900000000000207008	900000000000074008
a5f39346-f85f-4ba4-9f48-fd347ff7951c		1	900000000000207008	900000000000074008
a3d15b14-43d8-49eb-8174-2f717d84000f		1	900000000000207008	900000000000074008
d06ad476-89c2-415c-9132-6eb8b6a4ffa7		1	900000000000207008	900000000000074008
8614e799-3e6c-4c30-aad2-9b11549643b4		1	900000000000207008	900000000000074008
f90596ea-198c-490b-86cd-67c9f05b072c		1	900000000000207008	900000000000074008
a6d00159-abf5-45e6-b635-ce708bb7a12b		1	900000000000207008	900000000000074008
23cf418c-abb9-4e46-bee4-9078e5dfdea4		1	900000000000207008	900000000000073002
bbcc8ffa-5ab9-4a70-ab91-48437771f670		1	900000000000207008	900000000000073002
219e7fda-fbf3-4699-8437-5cf202c140ed		1	900000000000207008	900000000000073002
1c749072-03b0-471a-8b82-29feac5618be		1	900000000000207008	900000000000073002
c3575957-a6bb-4c9b-8027-b808c7c0e82a		1	900000000000207008	900000000000073002
f65c5c7a-c9fb-43fc-908e-f6f413d53964		1	900000000000207008	900000000000073002
9073c366-79d6-4846-a1c0-4fc9d96c4ce8		1	900000000000207008	900000000000074008
e1d0d8eb-8410-4f88-87a3-9acc67fe531a		1	900000000000207008	900000000000073002
360475f4-b148-4b2e-9f7d-9fb3ee18fe61		1	900000000000207008	900000000000073002
3085c2fd-f61e-4bdf-b836-7dd7f19b4651		1	900000000000207008	900000000000073002
08d106c2-493c-4fe1-9731-a31fbe75a018		1	900000000000207008	900000000000073002
5d07f441-8558-4625-9f6d-376a320de36c		1	900000000000207008	900000000000073002
3f0962d7-c84b-4e52-a66f-35930a8e1f89		1	900000000000207008	900000000000073002
798833c3-6260-4b2a-9de6-8fe85d23187b		1	900000000000207008	900000000000073002
17ac1f2a-9a36-4b6f-beb5-ad5723f2109f		1	900000000000207008	900000000000073002
0fda9f2f-3e6e-4313-9b8e-59edd5916bc3		1	900000000000207008	900000000000073002
fcc8ac45-3225-4ce1-917f-f8866b5c6420		1	900000000000207008	900000000000073002
55f57d81-3816-4c01-ac05-6c222573ed51		1	900000000000207008	900000000000073002
6a0644f7-bca6-4685-95c6-5415bbae3d23		1	900000000000207008	900000000000073002
eb028d61-db3d-4ca5-ac55-0c4eec8d0437		1	900000000000207008	900000000000073002
3432c197-0e4c-45b4-906d-2ca1d5543527		1	900000000000207008	900000000000073002
9cc99644-dd6f-4f28-9204-6c363805f9a3		1	900000000000207008	900000000000073002
66348ebb-6d95-40fd-ad9d-4eb4c2a2d6c6		1	900000000000207008	900000000000073002
892ef76b-404e-4864-8482-3c33802cb9fe		1	900000000000207008	900000000000073002
c34aa445-5a65-4fb0-8fef-965dfb410928		1	900000000000207008	900000000000073002
36ef081e-12ab-4203-a021-c666bf09bd5d		1	900000000000207008	900000000000074008
66d53a65-9736-47de-a82f-0cf790dc0e09		1	900000000000207008	900000000000074008
805e0d07-4096-46d2-847c-af0e303e5e62		1	900000000000207008	900000000000074008
c4abd8cd-815c-4a12-8081-2645a3d15ebe		1	900000000000207008	900000000000074008
122ba620-be41-4cce-adca-622c6590ee75		1	900000000000207008	900000000000074008
dbd9ebf6-ad8d-4750-9b3c-e81cc6c917d5		1	900000000000207008	900000000000074008
7b1faf5b-41ef-4c17-b2ba-181f8329786d		1	900000000000207008	900000000000074008
78c1c5a0-06b9-4ad8-886c-e6a9cf885b61		1	900000000000207008	900000000000074008
899395f0-e592-49a7-82ee-49150a2070be		1	900000000000207008	900000000000073002
28331000119107		1	900000000000207008	900000000000073002
111231000119109		1	900000000000207008	900000000000074008
b5690e2b-8735-49d8-8234-0cd45767c7e8		1	900000000000207008	900000000000073002
63e9c9a9-590f-495c-b491-1448fb5f38f1		1	900000000000207008	900000000000073002
e488c86b-a382-4169-b8fb-c8d57345f539		1	900000000000207008	900000000000073002
10819341000119107		1	900000000000207008	900000000000074008
4a483522-8920-49aa-b963-4c881f16bfea		1	900000000000207008	900000000000073002
5b5426a8-e4fb-4154-a45c-ebac577aaeb0		1	900000000000207008	900000000000073002
7ee860cc-34ef-456f-985b-1002c7e0a32b		1	900000000000207008	900000000000073002
c273d641-3d46-44f3-9d63-ebc4c8123037		1	900000000000207008	900000000000073002
476766b1-fa7d-4b04-b3bc-12f084bd68fb		1	900000000000207008	900000000000074008
e51511f1-39fe-475f-adb7-7cdcdcc89ef1		1	900000000000207008	900000000000074008
fc8d2e7c-b8f7-400b-aee9-35afac127cdf		1	900000000000207008	900000000000074008
8e016583-c0f8-4561-9ea4-c32761233802		1	900000000000207008	900000000000073002
5ccc2bc4-5b20-4fad-a1d8-8f1fcc27935c		1	900000000000207008	900000000000073002
53b04370-f68e-4bcb-99c3-45859bb493c8		1	900000000000207008	900000000000073002
b646f6dc-77e8-41a0-ab4d-55762230cda4		1	900000000000207008	900000000000073002
b59646a5-6c80-473b-b181-a31119325cc7		1	900000000000207008	900000000000073002
127f1963-9573-4b67-9bc3-cfa0fe9e0042		1	900000000000207008	900000000000073002
4ac26f46-93d4-46c2-a269-3b502f14a223		1	900000000000207008	900000000000073002
9739f18d-b8df-4291-97ce-9a41ded30684		1	900000000000207008	900000000000073002
fc1aac43-333e-4495-994c-82cf3016fa96		1	900000000000207008	900000000000073002
54e52343-3389-44bb-b882-2b9e0f2c5c28		1	900000000000207008	900000000000073002
c3230495-ad70-4531-9787-534304a3bf6c		1	900000000000207008	900000000000073002
0fe8c653-1ccc-42f8-be21-fc4023d398be		1	900000000000207008	900000000000073002
179f6093-8636-4b59-b43c-08cbf603a87e		1	900000000000207008	900000000000074008
be4627b1-d906-49ad-a88f-5819152719a7		1	900000000000207008	900000000000074008
6b59145e-c5bf-4de2-9274-31daed4c2237		1	900000000000207008	900000000000074008
9559269c-fc11-45f5-a55e-42bf1059a614		1	900000000000207008	900000000000074008
cab83ebf-5dd5-4e01-9871-a428f8161517		1	900000000000207008	900000000000074008
5a48bfd4-21e4-429a-aa6a-0ef5a75e133e		1	900000000000207008	900000000000074008
6d1f0541-ff14-4c2b-9fd5-88916464aadd		1	900000000000207008	900000000000074008
268c9073-6bf8-423a-a7c0-38a78be9c795		1	900000000000207008	900000000000074008
2d1beafd-cc49-4559-b46d-7df62967d3f9		1	900000000000207008	900000000000074008
c1278195-30ac-4623-8fe3-0396be82fd47		1	900000000000207008	900000000000074008
b8cb0cb5-d82e-480a-96f0-703dd3aa12b4		1	900000000000207008	900000000000074008
c1020ec0-a6ec-4538-b029-96e4dbbc45a5		1	900000000000207008	900000000000074008
e9a72dc3-91f1-47ca-8af8-ee13630ee30b		1	900000000000207008	900000000000074008
8860ecc9-4148-4837-adb8-0627e5252950		1	900000000000207008	900000000000074008
34943424-72f5-4940-b174-7dab3a7a654e		1	900000000000207008	900000000000074008
6d683c20-40c7-499a-bec0-df0d6f3eb6c9		1	900000000000207008	900000000000074008
11315241000119105		1	900000000000207008	900000000000073002
11315201000119108		1	900000000000207008	900000000000073002
11307961000119106		1	900000000000207008	900000000000073002
7028a4ce-b915-450a-8d56-673d14a02242		1	900000000000207008	900000000000074008
11311761000119102		1	900000000000207008	900000000000073002
11311681000119101		1	900000000000207008	900000000000073002
11311721000119107		1	900000000000207008	900000000000073002
11311481000119104		1	900000000000207008	900000000000073002
11311561000119109		1	900000000000207008	900000000000073002
11311401000119107		1	900000000000207008	900000000000073002
11313681000119102		1	900000000000207008	900000000000073002
11304641000119107		1	900000000000207008	900000000000073002
11313641000119107		1	900000000000207008	900000000000073002
11304481000119100		1	900000000000207008	900000000000073002
ad734664-928f-488d-bf00-b551f12c18b1		1	900000000000207008	900000000000074008
dc42a27f-62b0-4ade-88a1-12a18bbed761		1	900000000000207008	900000000000074008
afb5f48d-f6d8-44ac-b996-89f16c2181b1		1	900000000000207008	900000000000074008
30502e22-6486-4796-8b16-1271ae61462a		1	900000000000207008	900000000000074008
3bd39309-96a3-4329-891d-172484958924		1	900000000000207008	900000000000074008
587307c7-06ae-4cbc-92c6-50a5060cbe08		1	900000000000207008	900000000000074008
c0fa0ec2-774f-4cb4-b1ad-2aec480a7560		1	900000000000207008	900000000000073002
f49cabfe-07b3-47da-a751-bde7060d2817		1	900000000000207008	900000000000074008
97341000119105		1	900000000000207008	900000000000074008
109171000119104		1	900000000000207008	900000000000073002
11312001000119108		1	900000000000207008	900000000000073002
11311961000119104		1	900000000000207008	900000000000073002
11311121000119106		1	900000000000207008	900000000000073002
11311161000119101		1	900000000000207008	900000000000074008
11311041000119104		1	900000000000207008	900000000000073002
11311881000119102		1	900000000000207008	900000000000073002
11312041000119105		1	900000000000207008	900000000000073002
11311081000119109		1	900000000000207008	900000000000073002
11311921000119109		1	900000000000207008	900000000000073002
11310601000119104		1	900000000000207008	900000000000073002
11310921000119104		1	900000000000207008	900000000000073002
11310881000119106		1	900000000000207008	900000000000073002
11311001000119101		1	900000000000207008	900000000000073002
11310561000119104		1	900000000000207008	900000000000073002
11310641000119102		1	900000000000207008	900000000000073002
11310961000119109		1	900000000000207008	900000000000073002
11310521000119109		1	900000000000207008	900000000000073002
11310841000119101		1	900000000000207008	900000000000073002
11313601000119105		1	900000000000207008	900000000000073002
11304381000119108		1	900000000000207008	900000000000073002
367531000119106		1	900000000000207008	900000000000074008
367591000119105		1	900000000000207008	900000000000074008
367521000119108		1	900000000000207008	900000000000074008
367511000119101		1	900000000000207008	900000000000074008
367541000119102		1	900000000000207008	900000000000074008
367551000119100		1	900000000000207008	900000000000074008
11314841000119105		1	900000000000207008	900000000000073002
11311521000119104		1	900000000000207008	900000000000073002
11311441000119109		1	900000000000207008	900000000000073002
11311841000119107		1	900000000000207008	900000000000073002
11311361000119103		1	900000000000207008	900000000000073002
11311801000119105		1	900000000000207008	900000000000073002
cb6ad26d-44cd-4f6c-b0a1-15b270438aa1		1	900000000000207008	900000000000073002
438dc2c1-40e2-44bb-95cd-9ef189b09844		1	900000000000207008	900000000000073002
a819b6d6-e668-4d22-a3c1-9d4c897f48c9		1	900000000000207008	900000000000073002
a45fa440-5332-44a6-87b4-8a0bd43aed3d		1	900000000000207008	900000000000073002
bcc290b7-c161-481d-883c-2a4b92a694fb		1	900000000000207008	900000000000073002
63fbd973-ac60-4a93-8229-297b93ff61dc		1	900000000000207008	900000000000073002
0132c203-58e2-4ab4-b49d-b4051c3efbd8		1	900000000000207008	900000000000073002
64273f56-d001-47fa-bbf4-dcc9768b2b2c		1	900000000000207008	900000000000073002
4e10323a-d5fa-4826-a1c7-cc0fd4dbff29		1	900000000000207008	900000000000073002
ad6b0f5d-410d-476f-8564-3e46d2294be9		1	900000000000207008	900000000000073002
190cac60-15fc-4b3a-b642-f7f1cdb020fb		1	900000000000207008	900000000000073002
f1828273-0bda-4019-9d95-77d2078b7e9e		1	900000000000207008	900000000000073002
11312161000119108		1	900000000000207008	900000000000073002
11312201000119103		1	900000000000207008	900000000000073002
11312121000119103		1	900000000000207008	900000000000073002
11304601000119105		1	900000000000207008	900000000000073002
38671000119103		1	900000000000207008	900000000000074008
244941000119101		1	900000000000207008	900000000000074008
86531000119105		1	900000000000207008	900000000000074008
98371000119102		1	900000000000207008	900000000000074008
366951000119109		1	900000000000207008	900000000000074008
129721000119106		1	900000000000207008	900000000000073002
2851000119101		1	900000000000207008	900000000000074008
145681000119101		1	900000000000207008	900000000000074008
121871000119100		1	900000000000207008	900000000000074008
367731000119102		1	900000000000207008	900000000000074008
97881000119105		1	900000000000207008	900000000000074008
67761000119108		1	900000000000207008	900000000000074008
140031000119103		1	900000000000207008	900000000000074008
32561000119105		1	900000000000207008	900000000000074008
60951000119105		1	900000000000207008	900000000000073002
60991000119100		1	900000000000207008	900000000000073002
bdbdcebc-b82c-4924-97e2-8e2ae32a176e		1	900000000000207008	900000000000074008
fe5b151c-ef58-4463-890c-f35993976a3b		1	900000000000207008	900000000000074008
1e99f330-f58b-4f67-be8b-5bb2f1c6635e		1	900000000000207008	900000000000074008
386f5827-219c-48ee-a8d5-6254473c0bd5		1	900000000000207008	900000000000074008
df5947be-c7c9-4d0b-b7b9-3ff61086897c		1	900000000000207008	900000000000074008
128971000119101		1	900000000000207008	900000000000073002
367121000119101		1	900000000000207008	900000000000073002
0e4ff7c3-4318-411e-a64e-877b30bea101		1	900000000000207008	900000000000074008
8fc3658d-2c54-43d4-ad57-823bc3d0fb98		1	900000000000207008	900000000000074008
61098754-ccfe-40c8-b9d2-8d0d69554c1e		1	900000000000207008	900000000000074008
edd7ab5a-9fd2-44bc-be7b-f6a3f00b1aa6		1	900000000000207008	900000000000074008
7d09f00e-8391-4e30-bf55-eb50e8774473		1	900000000000207008	900000000000074008
95855a28-281e-44cd-8f4f-f9eb412140e2		1	900000000000207008	900000000000074008
53f5565a-fdb9-472b-9bb3-e49801b2ad4f		1	900000000000207008	900000000000074008
104951000119106		1	900000000000207008	900000000000073002
3403925c-a5d1-43b4-9f9d-0910edd892ad		1	900000000000207008	900000000000074008
1e830c69-6cc5-4154-95fc-fbefa97d58d2		1	900000000000207008	900000000000074008
669b9a80-933f-43ae-9ea1-cf97d319d20b		1	900000000000207008	900000000000074008
ca28f2f7-55fd-4fd4-8e7c-0731b37f4405		1	900000000000207008	900000000000073002
a9906795-4226-4e2d-b4f9-561839d7066b		1	900000000000207008	900000000000074008
c9a23085-123f-40bf-8bce-ef95451c154b		1	900000000000207008	900000000000074008
3cea3921-273b-488d-9ed9-09a4a742235f		1	900000000000207008	900000000000074008
6577ef0a-ce9c-4606-a9ac-92409977c5eb		1	900000000000207008	900000000000074008
c44ddade-5c37-488a-8795-dea7ff2061f6		1	900000000000207008	900000000000074008
ae7671ec-6766-4998-97c8-0c8e7cbf1918		1	900000000000207008	900000000000074008
53292863-6ec2-46c9-88cc-b8cffdd7a568		1	900000000000207008	900000000000074008
cd4b57fc-2f43-417a-b121-b6462cea9bb1		1	900000000000207008	900000000000074008
6f9d69a6-0fa4-4c64-a44f-fdbe89853219		1	900000000000207008	900000000000074008
e11ed385-055d-4037-b6b7-79b54a86b495		1	900000000000207008	900000000000074008
aa3ffbdb-a554-401d-a41c-f0a3a4b8b406		1	900000000000207008	900000000000074008
3cd3bffc-1e59-476f-9725-ec362cfa5b25		1	900000000000207008	900000000000074008
b30fb04a-d410-4523-99ba-81aff2892626		1	900000000000207008	900000000000074008
ee93f8d2-336f-4427-b7c5-d9c4f05275a2		1	900000000000207008	900000000000074008
d31be379-ad87-4bbc-bdec-4d4b87fe2422		1	900000000000207008	900000000000074008
ef34eafb-99f2-488f-bae1-5ddd86823635		1	900000000000207008	900000000000074008
5d6f8286-ed3e-4e2e-827a-9e6df97d8d22		1	900000000000207008	900000000000074008
234064b2-147d-4927-bf91-57201a211269		1	900000000000207008	900000000000074008
ca530251-ff9c-4e73-acea-763720c8c7b2		1	900000000000207008	900000000000073002
e3689745-093c-4880-9481-c50d1fbc5007		1	900000000000207008	900000000000073002
24838ad6-f03f-4b3c-b532-d51e518050bb		1	900000000000207008	900000000000073002
c32d7d61-ff05-427e-941c-94586d8d4a1f		1	900000000000207008	900000000000073002
3946ff65-2f5a-4150-9305-3c037c1b1995		1	900000000000207008	900000000000073002
f500a028-8338-4478-abd2-499275450d9a		1	900000000000207008	900000000000073002
e955daac-f768-43d0-941a-c839f34bb95c		1	900000000000207008	900000000000073002
ad29f080-c6a2-4521-a92d-82c6ab189446		1	900000000000207008	900000000000073002
9fd27a71-5e77-4185-96d8-d4b5ac3a67ca		1	900000000000207008	900000000000073002
4c381e9b-b1f9-4c9f-989a-73699da3024b		1	900000000000207008	900000000000073002
d2acde3a-8cde-4c15-a0dd-9277041e4d9f		1	900000000000207008	900000000000073002
acfab870-b80c-4cf4-8e08-4e06cb5c468a		1	900000000000207008	900000000000073002
11311601000119109		1	900000000000207008	900000000000073002
11311641000119106		1	900000000000207008	900000000000073002
b6fab79d-8c90-4c1b-b4c6-72c640c4d529		1	900000000000207008	900000000000074008
71a203e5-15ac-4775-bdb1-732d1ecfe88f		1	900000000000207008	900000000000074008
84d32f44-5037-4df2-8bb9-baa6f1a469c2		1	900000000000207008	900000000000074008
8b02402f-eb7e-40c6-b3a4-c07e3e73bd6b		1	900000000000207008	900000000000074008
6e72c630-d917-40dd-becf-ada74d3cea4d		1	900000000000207008	900000000000074008
a8bdb45c-106f-4434-a302-c75c2687f472		1	900000000000207008	900000000000074008
9f80f65f-3874-4fa2-af8e-5424e593cd7e		1	900000000000207008	900000000000074008
fc6ee53b-26a8-4d1c-8488-65b23df70201		1	900000000000207008	900000000000074008
75e31d77-d102-40b6-8ad3-9f05d5286fb3		1	900000000000207008	900000000000074008
1dd3f249-96a1-4bf0-9ccb-cc72efffc99d		1	900000000000207008	900000000000074008
f594ec52-810e-4f90-920c-a570284f85a7		1	900000000000207008	900000000000074008
5bab36c2-52f1-48d0-a83e-4a7fac493876		1	900000000000207008	900000000000074008
d55472a0-571f-4b00-82f8-ed969e390b54		1	900000000000207008	900000000000074008
bf35e79e-f2a7-4a79-850b-b6ad0322164a		1	900000000000207008	900000000000074008
65ed49f0-1db2-4dff-8969-2bbb614ee96a		1	900000000000207008	900000000000074008
da4c1506-e199-4957-b10f-15e8c620c32b		1	900000000000207008	900000000000074008
fa46714b-9356-456a-9e43-1bc01c8b3156		1	900000000000207008	900000000000074008
46db5778-cc50-4f63-956c-4c9a2f2b7c7b		1	900000000000207008	900000000000074008
48a9b8f3-e952-45c5-8740-ec5469a94d39		1	900000000000207008	900000000000074008
f4126717-0604-476b-8322-b088892081bd		1	900000000000207008	900000000000074008
00cc6647-ff9a-44d0-b2fd-3a2151b583b2		1	900000000000207008	900000000000074008
c460b8bd-cbab-4b58-b01c-744870e8d923		1	900000000000207008	900000000000074008
ff19191d-e6b5-4bcf-89dd-dffda9ea2141		1	900000000000207008	900000000000074008
5f13b193-212f-476c-bc2a-21dde5b8e6d8		1	900000000000207008	900000000000074008
845d76a7-6a43-492a-bfef-8f8b72d21c7a		1	900000000000207008	900000000000074008
1a79718f-476e-4a3b-ab27-a8257405fb8d		1	900000000000207008	900000000000074008
2720e189-d7b2-4ac8-af29-5bec6150aebe		1	900000000000207008	900000000000074008
f3d7adfa-2cc0-47f4-a71d-2c6153bfb9a3		1	900000000000207008	900000000000074008
fc031748-2bc1-4b57-a6de-8c384d11aa14		1	900000000000207008	900000000000074008
9dc31896-e847-41ca-84bd-d51b7401832d		1	900000000000207008	900000000000074008
439b2a00-c97d-4458-892e-1fbd244c225a		1	900000000000207008	900000000000074008
3e1db6e0-4d1b-497a-9dc6-8b3697acf89e		1	900000000000207008	900000000000074008
6a2f59ce-728a-4a0d-a100-e5b72c94b5cd		1	900000000000207008	900000000000074008
e8c22679-d379-4cbf-8765-cded0b97f05b		1	900000000000207008	900000000000074008
f02e8b03-2d6f-4a2b-b521-b26005233fed		1	900000000000207008	900000000000074008
cae08ea7-705b-4376-9e6c-dae538950a98		1	900000000000207008	900000000000073002
1fd98889-030a-4551-814a-363ffb9e991c		1	900000000000207008	900000000000074008
90b753d1-0369-43dd-b5a6-c6df5fed1a21		1	900000000000207008	900000000000073002
ff894b4d-6333-46db-9db1-45632084332c		1	900000000000207008	900000000000074008
c0ef1533-cb13-4f4b-968a-b678e7cb044b		1	900000000000207008	900000000000073002
b2525b23-da8a-436f-816d-0eed59eece56		1	900000000000207008	900000000000074008
89ecede1-a718-42e6-af56-e65fe7ac5adb		1	900000000000207008	900000000000073002
3bcf100c-6e3d-4f35-a794-670328226f30		1	900000000000207008	900000000000074008
28222375-0ceb-40e9-afb2-05e003bbf9fd		1	900000000000207008	900000000000073002
11671000119103		1	900000000000207008	900000000000073002
367681000119106		1	900000000000207008	900000000000074008
87471000119106		1	900000000000207008	900000000000073002
140391000119101		1	900000000000207008	900000000000073002
14931000119109		1	900000000000207008	900000000000074008
195791000119101		1	900000000000207008	900000000000074008
80231000119105		1	900000000000207008	900000000000074008
87921000119104		1	900000000000207008	900000000000074008
96441000119101		1	900000000000207008	900000000000073002
1481000119100		1	900000000000207008	900000000000074008
140131000119102		1	900000000000207008	900000000000073002
140101000119109		1	900000000000207008	900000000000074008
140121000119100		1	900000000000207008	900000000000073002
60961000119107		1	900000000000207008	900000000000073002
40411000119106		1	900000000000207008	900000000000074008
18831000119107		1	900000000000207008	900000000000074008
18521000119106		1	900000000000207008	900000000000073002
243421000119104		1	900000000000207008	900000000000073002
157141000119108		1	900000000000207008	900000000000073002
90781000119102		1	900000000000207008	900000000000073002
36641000119106		1	900000000000207008	900000000000074008
fb0b282f-6bf3-4cb3-83ed-5a4bd3e03e16		1	900000000000207008	900000000000074008
09c9223c-daaf-4cd3-b067-031a151ecfab		1	900000000000207008	900000000000074008
3a266787-94ae-4582-87fe-8dd5c4cb0e33		1	900000000000207008	900000000000074008
2a073ac1-7fb6-4f8a-bfb4-dc8fe290c49d		1	900000000000207008	900000000000074008
c1dbc537-5cbe-49a0-b52e-7bf285c6c87f		1	900000000000207008	900000000000074008
cd091bf9-3536-4b18-b7f4-90a2c131b1bd		1	900000000000207008	900000000000074008
72c6ac68-842f-4ee8-84f4-73cf351c53a1		1	900000000000207008	900000000000074008
a8122d3e-3aa4-4731-89c8-5948b8593754		1	900000000000207008	900000000000074008
c9e81da4-9a61-4981-8d45-ff3a4f64a590		1	900000000000207008	900000000000074008
82551000119103		1	900000000000207008	900000000000073002
138911000119106		1	900000000000207008	900000000000073002
40391000119106		1	900000000000207008	900000000000074008
182661000119107		1	900000000000207008	900000000000073002
237121000119100		1	900000000000207008	900000000000074008
f2b131f2-6a05-45fe-9e0e-591b5ab5a7bf		1	900000000000207008	900000000000074008
e3015240-b781-4de1-8684-71c7e16497df		1	900000000000207008	900000000000074008
346cc9af-a82d-4738-ad1b-e6d1714f6209		1	900000000000207008	900000000000074008
c30ddf76-2c70-4036-bde9-077185cf4c46		1	900000000000207008	900000000000074008
92de77c2-388c-4e1e-bcd9-25d5a4f1a7db		1	900000000000207008	900000000000074008
29baf82d-0515-44e4-9012-04d5ae35be14		1	900000000000207008	900000000000073002
62f47e70-6fa0-42d7-b24e-b603e1bd9284		1	900000000000207008	900000000000074008
1bfaad94-b407-4eff-ad83-0b1239ea6470		1	900000000000207008	900000000000073002
b725309a-3da2-46cb-baa3-91ef72afcec2		1	900000000000207008	900000000000074008
e95a6b15-1dd1-4f62-aa2a-3bcb630d3d8d		1	900000000000207008	900000000000073002
619f9c25-8f06-4f69-b4fc-2e82c191193e		1	900000000000207008	900000000000073002
e3943329-646f-4a15-b1c5-4c9646300ef6		1	900000000000207008	900000000000073002
149f8872-d939-4bd7-a88a-7ab2e058fb23		1	900000000000207008	900000000000074008
387da9ad-a423-4db7-b744-5d846a4582e5		1	900000000000207008	900000000000073002
1e075133-9b2a-4995-a6ac-30f902e5ff79		1	900000000000207008	900000000000073002
65dcb541-7180-481f-9f8e-20bf6f1d6a4d		1	900000000000207008	900000000000074008
d40d8efb-86a2-4a93-bebc-3c821d3e4f45		1	900000000000207008	900000000000073002
d6e91c95-aa68-4124-ad47-646cb41e2473		1	900000000000207008	900000000000073002
9eeb91a4-927d-47ee-b2e2-1837cd770fd1		1	900000000000207008	900000000000073002
73521000119108		1	900000000000207008	900000000000073002
87481000119109		1	900000000000207008	900000000000074008
137941000119106		1	900000000000207008	900000000000073002
135521000119103		1	900000000000207008	900000000000073002
110141000119100		1	900000000000207008	900000000000073002
60971000119101		1	900000000000207008	900000000000073002
147211000119101		1	900000000000207008	900000000000074008
115551000119104		1	900000000000207008	900000000000073002
367621000119107		1	900000000000207008	900000000000074008
117261000119108		1	900000000000207008	900000000000073002
87451000119102		1	900000000000207008	900000000000074008
72061000119104		1	900000000000207008	900000000000074008
368961000119107		1	900000000000207008	900000000000074008
117521000119100		1	900000000000207008	900000000000073002
368311000119105		1	900000000000207008	900000000000074008
367481000119108		1	900000000000207008	900000000000074008
32251000119106		1	900000000000207008	900000000000074008
67991000119104		1	900000000000207008	900000000000073002
104961000119108		1	900000000000207008	900000000000074008
82541000119100		1	900000000000207008	900000000000073002
90741000119107		1	900000000000207008	900000000000073002
48b6d4ed-3c67-4dcd-a8e0-8bff72d7c359		1	900000000000207008	900000000000074008
d798ad3f-020c-4506-b22f-35b24f3b89d1		1	900000000000207008	900000000000074008
1fbe2798-e688-450a-87a4-e50e270002bc		1	900000000000207008	900000000000074008
74406fcb-6875-4dbb-8c78-59f3089383a2		1	900000000000207008	900000000000074008
ae36fb7c-0c49-4920-b4ab-42a5499a8baa		1	900000000000207008	900000000000074008
a024fb51-cf2d-4726-823a-4edca4a6737f		1	900000000000207008	900000000000074008
07cfd7eb-a843-4406-89f1-962f12c68cad		1	900000000000207008	900000000000074008
ffc4ca5b-f187-402d-b912-1ae5fe88b1a5		1	900000000000207008	900000000000074008
9cf424b1-5681-4daf-a722-ffba5f5f2c7a		1	900000000000207008	900000000000074008
79acfe75-81d0-484e-aaf1-ccf1705ca87b		1	900000000000207008	900000000000074008
01bbb9b8-a143-4dcd-9922-bfdff74b1fd0		1	900000000000207008	900000000000074008
2ed3ad75-df06-41e7-aae1-e9a58d7fdf7b		1	900000000000207008	900000000000074008
3d094ecc-64f0-4a9b-899c-1c587500004d		1	900000000000207008	900000000000073002
5f687b8c-6607-43b1-bc56-9cbb2510bbaa		1	900000000000207008	900000000000073002
afebd431-94a6-40d6-babd-b107cb06013b		1	900000000000207008	900000000000074008
0cbd77d7-e549-4678-8a5c-1e84c8fe73b3		1	900000000000207008	900000000000073002
e5f3a33f-e6ca-4606-8fe6-022e890260a1		1	900000000000207008	900000000000073002
8f86eb78-2356-4006-b3d5-57d9f7b4f8e3		1	900000000000207008	900000000000074008
c22907cf-9009-4375-b03b-864341c935b1		1	900000000000207008	900000000000074008
3eae09ca-066d-4287-bf05-36bcf6d635b1		1	900000000000207008	900000000000074008
0bef498e-ac2e-49b5-b3ac-3ebee2d456f2		1	900000000000207008	900000000000073002
b6a6ea64-b31b-4dc3-a84d-b127c4745e32		1	900000000000207008	900000000000074008
cc92cadb-2323-4ab8-b2c0-34a6cf4f8706		1	900000000000207008	900000000000074008
1f14b745-1147-47f3-a542-f736ab934749		1	900000000000207008	900000000000073002
8fc52146-79dc-432c-825d-d967898cc65f		1	900000000000207008	900000000000074008
d214e619-78ad-4dd9-82cb-1a22c9d384a7		1	900000000000207008	900000000000074008
4911950f-9060-43ca-a579-9f523d910ba6		1	900000000000207008	900000000000073002
cd82d93e-346b-4f41-80cb-4e8f63528786		1	900000000000207008	900000000000073002
13c88f7f-2f51-413c-8695-b63a384614fe		1	900000000000207008	900000000000073002
3833e112-bb10-4cd6-a93d-18eadb841dcf		1	900000000000207008	900000000000073002
dee389fc-5729-46e1-8d4f-85826977972b		1	900000000000207008	900000000000074008
9134823e-ce3a-49e2-a308-df5eb17c247c		1	900000000000207008	900000000000074008
108791000119108		1	900000000000207008	900000000000074008
117501000119109		1	900000000000207008	900000000000073002
771000119108		0	900000000000207008	900000000000074008
82571000119107		1	900000000000207008	900000000000074008
15771000119109		1	900000000000207008	900000000000073002
109541000119101		1	900000000000207008	900000000000074008
108781000119105		1	900000000000207008	900000000000074008
103981000119101		1	900000000000207008	900000000000074008
102341000119103		1	900000000000207008	900000000000074008
84361000119102		1	900000000000207008	900000000000073002
79131000119100		1	900000000000207008	900000000000074008
71441000119104		1	900000000000207008	900000000000073002
367221000119105		1	900000000000207008	900000000000074008
801000119105		1	900000000000207008	900000000000074008
17701000119108		1	900000000000207008	900000000000074008
117491000119102		1	900000000000207008	900000000000073002
137931000119102		1	900000000000207008	900000000000073002
7651000119100		1	900000000000207008	900000000000074008
74411000119100		1	900000000000207008	900000000000074008
df6fbf98-7856-469f-81ee-5f55d1b6bd07		1	900000000000207008	900000000000074008
fc89e0b6-d316-489b-954d-e945d2f26dbd		1	900000000000207008	900000000000073002
127001000119106		1	900000000000207008	900000000000074008
89471000119102		1	900000000000207008	900000000000074008
367911000119105		1	900000000000207008	900000000000074008
367961000119108		1	900000000000207008	900000000000074008
367841000119100		1	900000000000207008	900000000000074008
367941000119109		1	900000000000207008	900000000000074008
367891000119108		1	900000000000207008	900000000000074008
367881000119105		1	900000000000207008	900000000000074008
367931000119100		1	900000000000207008	900000000000074008
367851000119103		1	900000000000207008	900000000000074008
367861000119101		1	900000000000207008	900000000000074008
30041000119101		1	900000000000207008	900000000000074008
102871000119101		1	900000000000207008	900000000000073002
164971000119101		1	900000000000207008	900000000000074008
be0eec45-cb8b-4590-823d-670a592fc34b		1	900000000000207008	900000000000074008
23841000119104		1	900000000000207008	900000000000074008
106911000119102		1	900000000000207008	900000000000074008
aa2d698c-58f3-4830-a8ae-39aafe33b780		1	900000000000207008	900000000000074008
b9ea061d-d4d7-4086-99d9-b1ff038d6e6c		1	900000000000207008	900000000000074008
87461000119100		1	900000000000207008	900000000000073002
119181000119104		1	900000000000207008	900000000000074008
050d37fb-33d6-4b3a-8501-104c775f6ade		1	900000000000207008	900000000000073002
106071000119106		1	900000000000207008	900000000000074008
e86b9e2e-f115-4741-9080-6eebd739fb90		1	900000000000207008	900000000000073002
c0e4de38-1d9b-497d-9903-9f54a9060069		1	900000000000207008	900000000000074008
f5df7eef-e81d-4797-97ed-caf74d22f7c1		1	900000000000207008	900000000000074008
ea704b83-2599-4cc8-9c20-6eaf07d6cb49		1	900000000000207008	900000000000074008
496381c7-b879-45e2-89ec-6bba2e311a9b		1	900000000000207008	900000000000074008
ab70a542-9d1a-4b85-ac78-f1686746774f		1	900000000000207008	900000000000074008
86b844fc-5569-450c-b043-ae90d090b826		1	900000000000207008	900000000000074008
ab36e8bf-fcf7-4dd2-8da2-43aafdfdf68c		1	900000000000207008	900000000000074008
117531000119102		1	900000000000207008	900000000000073002
13491000119101		1	900000000000207008	900000000000074008
94281000119101		1	900000000000207008	900000000000074008
367641000119101		1	900000000000207008	900000000000074008
90761000119106		1	900000000000207008	900000000000073002
90751000119109		1	900000000000207008	900000000000073002
7011000119105		1	900000000000207008	900000000000073002
50411000119108		1	900000000000207008	900000000000074008
72051000119101		1	900000000000207008	900000000000073002
164881000119109		1	900000000000207008	900000000000073002
32581000119101		1	900000000000207008	900000000000074008
71721000119101		1	900000000000207008	900000000000073002
ce615e81-a618-4b3e-a953-cfc9ebde04cf		1	900000000000207008	900000000000074008
91bfb851-310a-4cdc-a564-a5d27f463bd4		1	900000000000207008	900000000000074008
0d168e71-8e3a-4583-abe6-58ec3844f9a8		1	900000000000207008	900000000000074008
4b540c76-902a-4880-a1a4-bdc7aabf783c		1	900000000000207008	900000000000074008
cf2b3aca-6955-4ea9-9415-781e6aec78bd		1	900000000000207008	900000000000074008
9a8942da-d79b-4a24-af8c-5d1781168ba4		1	900000000000207008	900000000000074008
1389c355-cfcb-4415-be45-b6cc71e7cc30		1	900000000000207008	900000000000074008
8c609689-371b-4c4d-af34-cdbc25108762		1	900000000000207008	900000000000074008
f264af66-981e-4d0a-8ed2-e7d762d293c1		1	900000000000207008	900000000000074008
9a0adafd-54cd-480d-87cb-a3e582f00e49		1	900000000000207008	900000000000074008
671d3013-29c4-41f3-8554-2967190eeb67		1	900000000000207008	900000000000074008
68bb61de-cc59-4a00-8557-2b0b19668ee9		1	900000000000207008	900000000000074008
8c138650-afcd-4498-a977-15ae031e9254		1	900000000000207008	900000000000074008
d1eaf0a2-a2dc-49ba-9ae2-f16fb33f571a		1	900000000000207008	900000000000074008
d4ff88fd-ff8f-4ad0-b9b3-a5557addbeed		1	900000000000207008	900000000000074008
2a0f6ed6-2c33-4d60-86ad-e336c0265061		1	900000000000207008	900000000000074008
f637f6be-f15d-4c1d-9592-7d009abb5aac		1	900000000000207008	900000000000074008
f89cfb2c-8859-4f65-b2dd-0398cc221110		1	900000000000207008	900000000000074008
bd9dc78f-8e74-4e49-8bd4-d3479a3aed10		1	900000000000207008	900000000000074008
239a41bc-4e1b-4f6c-9a1e-2ff6c0172877		1	900000000000207008	900000000000074008
82ceca16-1865-4143-8c67-c4a9c4af3078		1	900000000000207008	900000000000074008
b6b61dd4-27d1-4457-8b95-0cde0f2200ad		1	900000000000207008	900000000000074008
e6b62ded-a843-4d7b-adba-70493a300929		1	900000000000207008	900000000000074008
117551000119108		1	900000000000207008	900000000000073002
367041000119108		1	900000000000207008	900000000000074008
37731000119108		1	900000000000207008	900000000000074008
76401000119105		1	900000000000207008	900000000000074008
72141000119104		1	900000000000207008	900000000000073002
145071000119106		1	900000000000207008	900000000000074008
102781000119107		1	900000000000207008	900000000000073002
129561000119108		1	900000000000207008	900000000000074008
94181000119108		1	900000000000207008	900000000000074008
97621000119107		1	900000000000207008	900000000000073002
139821000119102		1	900000000000207008	900000000000074008
133791000119107		1	900000000000207008	900000000000074008
367161000119106		1	900000000000207008	900000000000074008
86221000119109		1	900000000000207008	900000000000074008
97331000119101		1	900000000000207008	900000000000074008
140531000119105		1	900000000000207008	900000000000074008
86201000119100		1	900000000000207008	900000000000074008
4181000119109		1	900000000000207008	900000000000074008
117511000119107		1	900000000000207008	900000000000074008
125991000119108		1	900000000000207008	900000000000074008
32591000119103		1	900000000000207008	900000000000074008
97361000119109		1	900000000000207008	900000000000074008
117541000119106		1	900000000000207008	900000000000073002
87491000119107		1	900000000000207008	900000000000073002
138921000119104		1	900000000000207008	900000000000073002
0980cfa4-ef25-4e29-bc23-ef84ee245b28		1	900000000000207008	900000000000074008
716c9aa2-8a26-4aef-a12b-1262f4c648d8		1	900000000000207008	900000000000074008
d29c296f-3d2b-409e-bc0c-695f2f3a6b2e		1	900000000000207008	900000000000074008
a06019b7-7063-446a-8f1b-d61c168fa569		1	900000000000207008	900000000000074008
16b3dcf7-f677-44d1-8de1-e2a2876f87a7		1	900000000000207008	900000000000073002
8e8beccc-aa6f-4e0d-9a62-1e3cc784866a		1	900000000000207008	900000000000074008
16696e19-92a2-485d-80b0-a5b340e1867d		1	900000000000207008	900000000000073002
a300ebe2-439d-4d1f-bad1-b9ee68f9ae6b		1	900000000000207008	900000000000074008
44c55524-2b76-4e18-b576-76e8bf7cf839		1	900000000000207008	900000000000074008
538afe1d-b386-4d61-ab56-c38b881ddd7b		1	900000000000207008	900000000000073002
9fb5e3f2-515c-4c42-92e3-0ba8321b9c56		1	900000000000207008	900000000000074008
9138c02d-efb8-4907-9d6e-ae703c805fd2		1	900000000000207008	900000000000074008
1a333b20-286f-4c93-9877-9d78dab3701d		1	900000000000207008	900000000000074008
140521000119107		1	900000000000207008	900000000000073002
367181000119102		1	900000000000207008	900000000000074008
154411000119109		1	900000000000207008	900000000000074008
140381000119104		1	900000000000207008	900000000000074008
cdfc9de6-f1a3-466b-a27e-8e0b5b5e3470		1	900000000000207008	900000000000073002
bd4c0a74-1571-4064-bcf3-5eb545037ef3		1	900000000000207008	900000000000074008
fe083143-2003-4f59-8e2b-5e3c8a268618		1	900000000000207008	900000000000074008
003abe1c-d1a7-4fd3-b894-cc6a41b9c3a1		1	900000000000207008	900000000000074008
1153ee7a-4054-4bd5-b097-986510036e3f		1	900000000000207008	900000000000074008
4cada7cb-06ce-42af-ab9d-a210296d43fc		1	900000000000207008	900000000000074008
1834c145-76b8-4f61-baee-1a8f586d56a5		1	900000000000207008	900000000000074008
5024fdcc-0d42-4061-aefe-b4ab2f47dd4a		1	900000000000207008	900000000000074008
83201000119108		1	900000000000207008	900000000000074008
72041000119103		1	900000000000207008	900000000000073002
31321000119102		1	900000000000207008	900000000000074008
104941000119109		1	900000000000207008	900000000000073002
110171000119107		1	900000000000207008	900000000000073002
127021000119102		1	900000000000207008	900000000000074008
5941000119101		1	900000000000207008	900000000000074008
367951000119106		1	900000000000207008	900000000000074008
127991000119101		1	900000000000207008	900000000000073002
140111000119107		1	900000000000207008	900000000000074008
90791000119104		1	900000000000207008	900000000000073002
128001000119105		1	900000000000207008	900000000000073002
90771000119100		1	900000000000207008	900000000000073002
71421000119105		1	900000000000207008	900000000000073002
71701000119105		1	900000000000207008	900000000000073002
bc3c855f-acf3-43c8-b631-387df8e2bcf9		1	900000000000207008	900000000000074008
2f3f8aef-6977-4cfa-9a2c-4456dc34ea55		1	900000000000207008	900000000000074008
bd499e54-c067-4286-83f4-28f7bf2487f2		1	900000000000207008	900000000000074008
b2dc1fb5-80a0-4d70-a5f7-40277fcacfd5		1	900000000000207008	900000000000074008
5ba09fe2-9425-4cbf-9452-5a05fa32d895		1	900000000000207008	900000000000074008
d2ddcffc-7373-46df-bf11-2b09b172a86d		1	900000000000207008	900000000000074008
496c593e-b922-4b18-be66-c91fecad92c8		1	900000000000207008	900000000000074008
b7355e97-9b8e-451f-955b-c95c7ef9f15b		1	900000000000207008	900000000000074008
d2717d0a-1799-492e-affd-ae2d2540834d		1	900000000000207008	900000000000074008
9cec2815-b28a-4914-a91b-baeca4b9ced9		1	900000000000207008	900000000000074008
91a40706-8f32-4130-aedd-c4f9e34b2655		1	900000000000207008	900000000000074008
0c9d009e-b55e-44d3-90d8-e00c3baa6c0b		1	900000000000207008	900000000000074008
e4817af0-c04b-4ac0-aef9-5dbdc06f4b9d		1	900000000000207008	900000000000074008
10664b01-6172-4a0b-88e2-7e5b2ec56fa3		1	900000000000207008	900000000000074008
60e3c451-caa4-426e-a8fe-4c300a62f439		1	900000000000207008	900000000000074008
7a542cef-7cd3-4b9f-9dda-e5c619cff53a		1	900000000000207008	900000000000074008
2a5ef529-b161-43fd-8dce-4dc014d097d6		1	900000000000207008	900000000000074008
ba582176-3244-4f26-86b1-26785e22abbd		1	900000000000207008	900000000000074008
0ee4898b-5fa0-435a-8d5b-61cc511eaa47		1	900000000000207008	900000000000074008
a22cdf18-d69c-4dff-889b-be1443da9661		1	900000000000207008	900000000000074008
e8d2ad9b-fb84-47da-abbe-8aa2d61c50e9		1	900000000000207008	900000000000074008
89091fd3-d51e-4d3a-aa81-741711a5da1f		1	900000000000207008	900000000000074008
e38368eb-845c-4d22-9a67-174506cee8fb		1	900000000000207008	900000000000074008
a9235866-56de-41ce-bfdb-f3a3e2adc933		1	900000000000207008	900000000000074008
85e79f0f-d57f-4a89-a27f-87cad19ec37b		1	900000000000207008	900000000000074008
908274f2-77f0-449c-b9b2-1ac41002eac7		1	900000000000207008	900000000000074008
060e5dfb-3ad6-43fb-8439-f08313d4a95f		1	900000000000207008	900000000000074008
eaa69e7f-5424-425b-8a6b-587b1fe7b097		1	900000000000207008	900000000000074008
ee601dd5-15cc-4394-822d-62a1de4e618f		1	900000000000207008	900000000000074008
ffebef0f-1731-4869-aebf-089c84b68f38		1	900000000000207008	900000000000074008
07235462-4d05-4888-830b-2a73552674a9		1	900000000000207008	900000000000074008
53e69d85-5cf6-45de-acd3-5018659d3757		1	900000000000207008	900000000000074008
d5fbe164-d367-47a5-9dee-2e42b7d94616		1	900000000000207008	900000000000074008
2db597d0-1e56-4ea2-92cc-f735ad0f08c9		1	900000000000207008	900000000000074008
82e4f607-4366-46cc-b98f-32dea1ff589a		1	900000000000207008	900000000000074008
74e16ffd-0d0c-4198-abd0-7fc12ed9e0c7		1	900000000000207008	900000000000074008
fc9cf646-9a82-4f30-8801-06b9268477dc		1	900000000000207008	900000000000074008
c94a5b77-b160-40f3-9879-2cb166d71dc3		1	900000000000207008	900000000000074008
5bf04ed1-cdb5-41b9-9bdc-ce213f59b97a		1	900000000000207008	900000000000074008
cb0c7494-df27-4a69-87e4-d2eb68e6b4ab		1	900000000000207008	900000000000074008
f1201853-9bf0-4e75-a88b-fa7344eb7af1		1	900000000000207008	900000000000074008
a95b1fbf-2eb9-419c-b590-00c589638bc8		1	900000000000207008	900000000000074008
87c0a846-ff61-44ea-9578-f1b0d9e279ad		1	900000000000207008	900000000000074008
38cfdb29-a857-4e14-9b9f-8a46ed9e9863		1	900000000000207008	900000000000074008
bbd47547-0123-4372-8f0f-2c657c3783b3		1	900000000000207008	900000000000074008
6a967150-389d-41f0-961f-85dac781dd28		1	900000000000207008	900000000000074008
2d83add3-8995-41d9-b1a8-1106248a53d6		1	900000000000207008	900000000000074008
0b513101-54ed-4d38-be5c-420c6648dd74		1	900000000000207008	900000000000074008
4640bd53-5a64-41b6-8e7b-91ac746e402d		1	900000000000207008	900000000000074008
3550deda-dce2-4435-9450-cdfa1af2d4e1		1	900000000000207008	900000000000074008
54a05d63-471c-4ed6-b78f-a089d7c7b55f		1	900000000000207008	900000000000074008
a18a519d-6f9b-4764-81c2-cdd21a1b1d10		1	900000000000207008	900000000000074008
8f5d4fd0-2985-401e-b8d8-abd7420e4b9c		1	900000000000207008	900000000000074008
192f7cbf-e81c-47da-b5f2-e384f3ca3a78		1	900000000000207008	900000000000074008
167d5606-cf36-400f-aff3-d6ff4c182bdc		1	900000000000207008	900000000000074008
14599213-68ac-47fa-aefa-84076ed537de		1	900000000000207008	900000000000074008
615be305-8e27-41ad-9b43-a70866cf4471		1	900000000000207008	900000000000074008
d6703722-03d6-4779-903c-df30c033b523		1	900000000000207008	900000000000074008
fa3d9f42-0f67-4410-a0ab-7f6b47b7231f		1	900000000000207008	900000000000074008
b4a57c8d-0010-46fc-b0d8-3a443e307614		1	900000000000207008	900000000000074008
c0442634-f742-4603-bd75-8b7985bc7c02		1	900000000000207008	900000000000074008
8e03b280-6842-4428-a0f4-62cbf666f21f		1	900000000000207008	900000000000074008
178a214c-0c67-497f-9fc5-1578183b8b88		1	900000000000207008	900000000000074008
8db29f48-6ff1-4083-97c5-2f9349128f48		1	900000000000207008	900000000000074008
db374d15-07e2-43e3-b975-c9c3f2a28c06		1	900000000000207008	900000000000074008
f152ac04-3c1f-491d-bb62-4ae218701cdf		1	900000000000207008	900000000000074008
4e4427fd-d262-41fa-b3a3-0886721c313c		1	900000000000207008	900000000000074008
5159e6fc-1751-45c8-94cf-910becb194b8		1	900000000000207008	900000000000074008
e863f78a-40d5-45ef-a1d2-f85ce4f6c05f		1	900000000000207008	900000000000074008
29f67e07-a006-4368-be43-2704fe222ff6		1	900000000000207008	900000000000074008
e16e2bb2-9ddf-4020-9769-4fe2fe824ad5		1	900000000000207008	900000000000074008
a08b4bc3-1448-44f7-a11a-57c557909562		1	900000000000207008	900000000000074008
19478087-5961-4ab4-af81-a4ec115b015b		1	900000000000207008	900000000000074008
ec1bae0a-a2fd-4bd0-a4b6-37d1fa31757d		1	900000000000207008	900000000000074008
448bf01c-cb06-477b-8f6e-102f034bda99		1	900000000000207008	900000000000074008
280d4b3e-bff2-486f-83f6-5adb0ad4b6a6		1	900000000000207008	900000000000074008
a69ba2e6-e86a-43ef-bf30-bd811d8dc07a		1	900000000000207008	900000000000074008
c56fcefc-bf9a-46c7-b8cc-81e1622621eb		1	900000000000207008	900000000000074008
deda8dad-3634-46c1-a150-754070993c58		1	900000000000207008	900000000000074008
9fee5097-545c-47d4-bded-4218bc6d5ea6		1	900000000000207008	900000000000074008
62b25bda-c0b6-4a13-b2c4-72cfefdd0278		1	900000000000207008	900000000000074008
130470e7-21a3-4c85-ba7f-e9fa0d153ac4		1	900000000000207008	900000000000074008
6fcdd984-cdad-411d-974d-5f39c5883f66		1	900000000000207008	900000000000074008
4b763d8c-9266-4ca7-8404-5fb2d48ecd1f		1	900000000000207008	900000000000074008
b69cf762-ff50-4537-8d39-0b040bb97a78		1	900000000000207008	900000000000074008
2b48e310-495a-40db-85cb-5e4800140d36		1	900000000000207008	900000000000074008
01a47fdf-bed8-4af6-912e-87896af5c4e9		1	900000000000207008	900000000000074008
21dfd60c-804d-4006-8f07-4ece5b6d7fa5		1	900000000000207008	900000000000074008
cf10c6a5-70ad-41f2-b5e7-08f764335dce		1	900000000000207008	900000000000074008
79da1391-1a88-42c8-99f8-45be4d03c866		1	900000000000207008	900000000000074008
498c1482-b746-42ec-ad66-d03e465a73f6		1	900000000000207008	900000000000074008
ec729c60-2de2-4a97-9ecc-e9381d4528b3		1	900000000000207008	900000000000074008
c7fd296c-7788-4e56-abfb-419069bbca4d		1	900000000000207008	900000000000074008
9a5f4d4f-239e-48b4-a8f7-3d18f122ddc7		1	900000000000207008	900000000000074008
710fb556-fbba-4c0e-9811-e3de0c6db3b4		1	900000000000207008	900000000000074008
96578be7-651b-4251-a89a-520c94b1e98c		1	900000000000207008	900000000000074008
d7b833cd-26f6-428f-a7d4-2b37387548bd		1	900000000000207008	900000000000074008
c15f2d46-ba1e-4100-a1f0-a32aade88ede		1	900000000000207008	900000000000074008
35866f21-b9b3-4aab-8018-527652a8638d		1	900000000000207008	900000000000074008
ee57cd01-f433-4f14-9135-d0ee4e188a86		1	900000000000207008	900000000000074008
41610aee-4c5d-4f96-9f08-63e73c795a80		1	900000000000207008	900000000000074008
ca3d173d-fc48-471d-b7ae-4c85e1edf4e0		1	900000000000207008	900000000000074008
2c0df2d8-f870-4ebb-bf89-6de69bc146d6		1	900000000000207008	900000000000074008
57eb40f0-7652-4d17-bb7e-db11d3e7458c		1	900000000000207008	900000000000074008
38dcd66d-414d-4ec6-969e-8ecf868d4617		1	900000000000207008	900000000000074008
5f720a66-657d-4e89-af13-b025422cbdcd		1	900000000000207008	900000000000074008
c3af9d46-e342-42d9-9716-42b0bb5b6264		1	900000000000207008	900000000000074008
b432d391-11b3-4101-b44f-60e849e78231		1	900000000000207008	900000000000074008
9b1b6c47-e858-4167-924e-1ad7604f33a4		1	900000000000207008	900000000000074008
57da6495-dbf8-4d5f-806a-b15c7288738f		1	900000000000207008	900000000000074008
2990757f-a05f-42f6-b443-87fa803ebce6		1	900000000000207008	900000000000074008
f0dddac3-41d7-45e4-8f2c-72f5d3ba001b		1	900000000000207008	900000000000074008
2977c831-bddd-4031-bc2b-e4252f61c9f8		1	900000000000207008	900000000000074008
c485fc36-f8aa-422b-a789-683340b0776d		1	900000000000207008	900000000000074008
727ecdd6-7335-49b0-ba73-0058aa3a1a89		1	900000000000207008	900000000000074008
16b13cc8-7dca-46b9-b99b-558c8e595fec		1	900000000000207008	900000000000074008
e5311b40-5911-4565-9ad7-b549233a1ef6		1	900000000000207008	900000000000074008
5b15c87e-4226-4343-be5b-7c1e6d9a8090		1	900000000000207008	900000000000074008
0801d8fb-b81b-4e44-aeef-2aa85145364f		1	900000000000207008	900000000000074008
c1aa3f03-b6e3-4eac-9c3d-0f2c9bd9cdb9		1	900000000000207008	900000000000074008
6ce8cf15-ddfb-4cd5-8d71-20328efa7469		1	900000000000207008	900000000000074008
d6cf7c2f-55a5-4ca2-a9a5-bce7fc654300		1	900000000000207008	900000000000074008
a30f4e46-c12c-4014-bc09-b1276bc1bbb1		1	900000000000207008	900000000000074008
0234dc29-7746-41ab-a3f2-623961776e5a		1	900000000000207008	900000000000074008
2f32a909-439f-4b51-80cb-7c04899360d7		1	900000000000207008	900000000000074008
db4f8204-5473-4319-9594-5fef0bbd498d		1	900000000000207008	900000000000074008
34089003-668b-40ad-995e-0ee107596ad3		1	900000000000207008	900000000000074008
3c435d99-7be7-4e1c-8a7b-9296829a0f08		1	900000000000207008	900000000000074008
5e99ca58-41f7-4926-aa17-6cae00944db5		1	900000000000207008	900000000000074008
7ca6f93b-f866-47cc-b8be-0e1a084e5d07		1	900000000000207008	900000000000074008
a58626b1-2d40-4f6b-aef1-2a22bde63411		1	900000000000207008	900000000000074008
cd99d1ae-a2f4-4c1c-a92f-365c2e1857ce		1	900000000000207008	900000000000074008
ee40baa2-7852-42e3-b579-3420b7cef6d1		1	900000000000207008	900000000000074008
a6646d45-8a82-42e6-9e6e-9cb10c6bfc9b		1	900000000000207008	900000000000074008
553fab39-7768-465c-82a0-ea3b9af9aa42		1	900000000000207008	900000000000074008
c40fc53f-2bac-4a65-81a5-fdd56a223e90		1	900000000000207008	900000000000074008
6b9930ea-ef5b-46c7-9a90-761be29457a1		1	900000000000207008	900000000000074008
2bbb980e-9c37-4f52-8607-03b244ae7ca7		1	900000000000207008	900000000000074008
4fc3ba9f-3d3b-4fec-8efe-ae6d90f42ff7		1	900000000000207008	900000000000074008
d6c8ed52-1ce7-4bea-b028-692093d4e673		1	900000000000207008	900000000000074008
dbe2cc80-3186-463a-9233-345fdd179b45		1	900000000000207008	900000000000074008
c3cf35be-e5a2-4507-b208-888ebd4d474d		1	900000000000207008	900000000000074008
7a896ff8-cae6-4e71-80b3-4a9a8eee074e		1	900000000000207008	900000000000074008
36bbee77-10cb-4962-8a87-8bd7e5d7de9e		1	900000000000207008	900000000000074008
c3e16052-f704-4444-b9ee-1cac967de01e		1	900000000000207008	900000000000074008
eeaee61e-440e-450e-9654-284fba258f44		1	900000000000207008	900000000000074008
f8eaabf9-1396-4c70-bf33-9acc7332ecf3		1	900000000000207008	900000000000074008
28e519c0-397a-4197-a94a-e58118bb507d		1	900000000000207008	900000000000074008
b69ed527-0339-44de-b8af-2c580f234841		1	900000000000207008	900000000000074008
785bceb8-11cc-4168-a4cf-a3e35486f5d5		1	900000000000207008	900000000000074008
d7b2f736-5ccb-4ccb-8d72-e7e1e55c0aaf		1	900000000000207008	900000000000074008
769dda08-fe19-479a-bd04-4d9a65e5d31e		1	900000000000207008	900000000000074008
be1d99b5-0e94-427b-8b40-546a77861f57		1	900000000000207008	900000000000074008
bbbcbef3-c57e-44b3-a8aa-1ad6ef4538c2		1	900000000000207008	900000000000074008
1cbbb0fa-e729-4a82-abb4-c5fcee6b4a31		1	900000000000207008	900000000000074008
03daba9b-ad66-43cf-8b8f-39d1ed3e2cc7		1	900000000000207008	900000000000074008
d496ccab-cc58-44c7-8b67-7327fe58c357		1	900000000000207008	900000000000074008
d9fc81f4-268c-4809-864f-5671d028eeff		1	900000000000207008	900000000000074008
1be98077-2f80-44ea-aa45-da4278afaf7b		1	900000000000207008	900000000000074008
6bbe0c7f-f701-44ad-b0e0-9dfd1baf4ca8		1	900000000000207008	900000000000074008
ca754fa8-860f-49b3-8a32-7a7cb7a12a38		1	900000000000207008	900000000000074008
43cd8c42-6f5c-4efd-a734-782319938aba		1	900000000000207008	900000000000074008
c526f5f2-04ba-4402-b949-a7fd8239f39b		1	900000000000207008	900000000000074008
b3e0f819-849f-406f-bfdf-ee28e3e67dfa		1	900000000000207008	900000000000073002
2b56a899-3ad8-457d-9c5b-7ca5f720082b		1	900000000000207008	900000000000074008
5d6f825c-3fa8-4ee4-b7f9-00273ba99b89		1	900000000000207008	900000000000074008
7589ec27-cdbe-4a5d-a105-7ce068ae0bd9		1	900000000000207008	900000000000074008
4ce39423-4b62-44a8-8254-db0ed31c38e0		1	900000000000207008	900000000000074008
45bac589-79af-4505-80cc-a69760a829aa		1	900000000000207008	900000000000074008
d51b36af-6c5d-40a4-98d2-7702f08b43c5		1	900000000000207008	900000000000074008
0ffabb69-8d62-4aba-9075-833f9f036f48		1	900000000000207008	900000000000074008
0f9d3892-7240-4e2a-baa8-cce5b32a6d82		1	900000000000207008	900000000000074008
a029b258-14b4-424b-88bf-5ae803220f0a		1	900000000000207008	900000000000074008
2ee53bf5-bfaa-4baa-be02-db486051374f		1	900000000000207008	900000000000074008
b00660ca-5809-4aeb-baff-333db8f91010		1	900000000000207008	900000000000074008
af0df668-09e0-4fc4-b3d8-ba3d18f76505		1	900000000000207008	900000000000074008
683fb3a2-69f5-4bf3-a201-477a4d7da8ca		1	900000000000207008	900000000000073002
53d0bb3b-e726-4176-b5bd-ab84fb398bfc		1	900000000000207008	900000000000074008
2ee8f06a-a734-4b52-8094-b1a930e3ea4c		1	900000000000207008	900000000000074008
